{"pos":[-142.378006,265.318787,30.9572601],"rotationMatrix":[0.296192646,0.954940856,-0.0189168155,-0.955111802,0.296245694,-6.89178705e-08,0.00560395932,0.0180676933,0.999821067],"scale":1,"type":"barrier_concrete2"}
{"pos":[-147.078033,250.172043,31.2607956],"rotationMatrix":[0.290807188,0.956503689,-0.0230606161,-0.956758082,0.290884554,5.0291419e-08,0.006708025,0.0220634174,0.999734044],"scale":1,"type":"barrier_concrete2"}
{"pos":[-151.435532,234.925598,31.6244621],"rotationMatrix":[0.25200516,0.967400789,-0.0250817984,-0.96770525,0.252084434,6.14672899e-08,0.00632278901,0.0242717732,0.999685407],"scale":1,"type":"barrier_concrete2"}
{"pos":[-154.582245,219.396759,31.9215031],"rotationMatrix":[0.0951143503,0.995434105,-0.00801208895,-0.995466053,0.0951173902,2.65892595e-07,0.000762353884,0.00797573663,0.999967873],"scale":1,"type":"barrier_concrete2"}
{"pos":[-153.433228,203.646362,31.9850349],"rotationMatrix":[-0.22389102,0.974614203,0.000109110842,-0.974614203,-0.22389102,1.50506821e-07,2.45756273e-05,-0.00010630727,1],"scale":1,"type":"barrier_concrete2"}
{"pos":[-148.375671,188.632126,32.0099449],"rotationMatrix":[-0.383642912,0.923480928,-0.000970531255,-0.923481405,-0.38364315,4.30154614e-08,-0.000372297975,0.000896284066,0.999999523],"scale":1,"type":"barrier_concrete2"}
{"pos":[-140.028976,272.892639,30.8114548],"rotationMatrix":[-0.296202779,-0.954969168,0.0172527246,0.955111384,-0.296246886,-5.21540642e-08,0.00511111598,0.0164782573,0.999851167],"scale":1,"type":"barrier_concrete2"}
{"pos":[-144.738495,257.74826,31.087944],"rotationMatrix":[-0.297906399,-0.954425991,0.0179688614,0.954580128,-0.297954559,-1.3038516e-07,0.0053540268,0.0171526782,0.999838531],"scale":0.99999994,"type":"barrier_concrete2"}
{"pos":[-149.332153,242.570129,31.4366264],"rotationMatrix":[-0.276322722,-0.960821271,0.0216363445,0.961046219,-0.276387453,7.4505806e-09,0.00598000828,0.0207935311,0.999765933],"scale":0.99999994,"type":"barrier_concrete2"}
{"pos":[-153.281113,227.215149,31.8123131],"rotationMatrix":[-0.208728552,-0.9777686,0.0200270936,0.977964699,-0.208770394,1.3038516e-08,0.00418104883,0.019585792,0.99979943],"scale":1,"type":"barrier_concrete2"}
{"pos":[-154.650757,211.475891,31.9611359],"rotationMatrix":[0.0766077638,-0.997050345,0.00467313128,0.997061193,0.0766085982,5.28525561e-08,-0.000358054414,0.0046593938,0.999989092],"scale":1,"type":"barrier_concrete2"}
{"pos":[-151.220093,196.034195,31.9868088],"rotationMatrix":[0.326271176,-0.945272982,0.00248366408,0.945275843,0.32627219,-9.17352736e-08,-0.000810263795,0.00234777783,0.999996901],"scale":1,"type":"barrier_concrete2"}
{"pos":[-187.690002,374.567627,27.7842903],"rotationMatrix":[-0.896592379,0.442855775,0.000836955791,-0.442855954,-0.896592736,4.4805347e-08,0.000750428357,-0.00037061068,0.999999642],"scale":1.00000012,"type":"barrier_concrete2"}
{"pos":[-173.332642,367.475647,28.0065899],"rotationMatrix":[-0.896295547,0.442712337,-0.0256896205,-0.442858487,-0.896591425,-2.14204192e-08,-0.0230331048,0.0113768475,0.999669969],"scale":1,"type":"barrier_concrete2"}
{"pos":[-158.980255,360.386108,28.4947662],"rotationMatrix":[-0.895960569,0.442560673,-0.0373469144,-0.442869663,-0.896586061,1.05239451e-07,-0.033484675,0.0165399089,0.999302387],"scale":1,"type":"barrier_concrete2"}
{"pos":[-144.634857,353.300079,29.1961403],"rotationMatrix":[-0.89548111,0.442343503,-0.0494542718,-0.442885429,-0.896578193,-1.3038516e-08,-0.044339627,0.0219025649,0.998776376],"scale":1,"type":"barrier_concrete2"}
{"pos":[-194.869629,378.113739,27.8181572],"rotationMatrix":[0.896563172,-0.442836672,-0.00837834459,0.442852229,0.896594644,-5.99538907e-08,0.00751200551,-0.00371031463,0.999964893],"scale":1.00000012,"type":"barrier_concrete2"}
{"pos":[-180.510574,371.021301,27.8364296],"rotationMatrix":[0.896449208,-0.442833275,0.016657697,0.442894727,0.896573603,-2.70549208e-07,-0.0149347316,0.00737784849,0.99986124],"scale":1,"type":"barrier_concrete2"}
{"pos":[-166.155487,363.930511,28.2178135],"rotationMatrix":[0.896236122,-0.442669809,0.0283597,0.442847908,0.89659673,-1.39698386e-08,-0.0254272074,0.012559046,0.999597788],"scale":1,"type":"barrier_concrete2"}
{"pos":[-151.806656,356.842773,28.823431],"rotationMatrix":[0.895679235,-0.442400068,0.0451760031,0.442852229,0.896594644,5.58793545e-09,-0.0405045636,0.0200062878,0.998979032],"scale":1,"type":"barrier_concrete2"}
{"pos":[-197.958389,388.531036,28.1230545],"rotationMatrix":[0.999945819,-0.00314449356,0.00992201734,0.00314464909,0.999995053,-7.9311576e-08,-0.00992196891,3.12805714e-05,0.999950767],"scale":1,"type":"barrier_concrete2"}
{"pos":[-213.917328,388.581177,28.1312485],"rotationMatrix":[0.999941587,-0.00312850717,-0.0103457449,0.00312867621,0.999995112,1.68445695e-07,0.0103456946,-3.25369219e-05,0.999946475],"scale":1,"type":"barrier_concrete2"}
{"pos":[-229.873383,388.631226,28.4382286],"rotationMatrix":[0.99968785,-0.00318920659,-0.0247807298,0.00319018634,0.999994934,1.76441972e-09,0.0247806031,-7.90569029e-05,0.999692917],"scale":1,"type":"barrier_concrete2"}
{"pos":[-205.937775,388.556091,28.0891571],"rotationMatrix":[-0.999993086,0.00313287228,0.00198073871,-0.0031328788,-0.999994993,-1.01954356e-07,0.00198072847,-6.30736758e-06,0.999998033],"scale":1,"type":"barrier_concrete2"}
{"pos":[-221.895935,388.606323,28.2551842],"rotationMatrix":[-0.999811411,0.00311180321,0.0191643704,-0.00311237411,-0.999995112,2.89383024e-08,0.0191642772,-5.96177561e-05,0.999816358],"scale":1,"type":"barrier_concrete2"}
{"pos":[-237.84967,388.656281,28.667057],"rotationMatrix":[-0.999475002,0.00319177634,0.0322424881,-0.00319343968,-0.999994874,-9.71340341e-08,0.0322423242,-0.000103061524,0.999480069],"scale":1.00000012,"type":"barrier_concrete2"}
{"pos":[-182.748795,229.871918,31.4763718],"rotationMatrix":[-0.301399469,0.952414095,-0.0454515442,-0.95339936,-0.301711202,-1.06170774e-07,-0.0137133393,0.043333441,0.998966515],"scale":1,"type":"barrier_concrete2"}
{"pos":[-187.612686,245.241791,30.9642715],"rotationMatrix":[-0.301582456,0.953002155,-0.028895054,-0.953400195,-0.30170846,-6.33299351e-08,-0.00871794298,0.0275485329,0.999582469],"scale":0.99999994,"type":"barrier_concrete2"}
{"pos":[-180.31813,222.191254,31.8524532],"rotationMatrix":[0.301459134,-0.952635288,0.0401031263,0.953402281,0.301701844,8.00937414e-08,-0.0120992633,0.0382343903,0.999195576],"scale":1.00000012,"type":"barrier_concrete2"}
{"pos":[-185.180176,237.555115,31.1639938],"rotationMatrix":[0.301574826,-0.952964723,0.0301795825,0.953399003,0.301712275,7.91624188e-08,-0.00910562556,0.0287731625,0.999544501],"scale":1.00000012,"type":"barrier_concrete2"}
{"pos":[-190.044037,252.924881,30.6487198],"rotationMatrix":[0.301475048,-0.952645779,0.0397353582,0.953398705,0.301713347,1.06170774e-07,-0.0119887879,0.0378836095,0.999210238],"scale":1,"type":"barrier_concrete2"}
{"pos":[-198.616028,289.063049,29.5619354],"rotationMatrix":[-0.286082506,-0.958162963,-0.00896799006,0.958201468,-0.286094069,-1.76485628e-07,-0.00256552012,-0.00859319232,0.999959767],"scale":1,"type":"barrier_concrete2"}
{"pos":[-203.14032,273.910706,29.280365],"rotationMatrix":[-0.285988331,-0.957846045,-0.0272309221,0.958201408,-0.286094427,-1.2665987e-07,-0.00779049564,-0.0260927435,0.99962914],"scale":0.99999994,"type":"barrier_concrete2"}
{"pos":[-200.878418,281.486084,29.4665718],"rotationMatrix":[0.286074579,0.95806551,0.0164848492,-0.958195686,0.286113441,1.34110451e-07,-0.00471640844,-0.0157957524,0.999864101],"scale":1,"type":"barrier_concrete2"}
{"pos":[-205.401962,266.336365,29.052021],"rotationMatrix":[0.285971403,0.957912505,0.0249789804,-0.958211482,0.286060631,8.1025064e-08,-0.00714542624,-0.0239351727,0.99968797],"scale":1,"type":"barrier_concrete2"}
{"pos":[-216.839478,354.077698,27.6554375],"rotationMatrix":[0.316627383,-0.948259473,0.0234727152,0.94852078,0.316714644,-4.65661287e-08,-0.00743410829,0.0222643744,0.999724507],"scale":1,"type":"barrier_concrete2"}
{"pos":[-211.741119,338.8078,28.1173325],"rotationMatrix":[0.316502035,-0.947951019,0.0348602869,0.948527515,0.316694498,-6.14672899e-08,-0.0110400012,0.0330659673,0.999392211],"scale":1,"type":"barrier_concrete2"}
{"pos":[-206.643463,323.540405,28.6684246],"rotationMatrix":[0.316485345,-0.94796598,0.0346066281,0.948534131,0.316675067,-9.31322575e-09,-0.0109590488,0.0328255668,0.999401033],"scale":1,"type":"barrier_concrete2"}
{"pos":[-201.545532,308.271942,29.1860943],"rotationMatrix":[0.316537082,-0.948051512,0.0316630751,0.948527157,0.316695869,-3.53902578e-08,-0.0100275315,0.0300332978,0.999498606],"scale":1,"type":"barrier_concrete2"}
{"pos":[-214.289978,346.441772,27.849966],"rotationMatrix":[-0.316556096,0.948143482,-0.0285682082,-0.948530674,-0.316685319,1.67638063e-08,-0.00904711708,0.0270978268,0.999591827],"scale":1,"type":"barrier_concrete2"}
{"pos":[-209.192261,331.174133,28.3932838],"rotationMatrix":[-0.316515088,0.948011458,-0.0330512933,-0.948529661,-0.316688061,-1.09896064e-07,-0.0104670571,0.0313500986,0.999453664],"scale":1,"type":"barrier_concrete2"}
{"pos":[-204.094635,315.906494,28.9384861],"rotationMatrix":[-0.316557527,0.948040187,-0.0317976288,-0.948519886,-0.316717744,-6.42612576e-08,-0.0100709321,0.0301606618,0.999494314],"scale":0.99999994,"type":"barrier_concrete2"}
{"pos":[-198.996582,300.637756,29.4455681],"rotationMatrix":[-0.316583753,0.94825387,-0.0242750812,-0.948533416,-0.316676974,5.40167093e-08,-0.00768730976,0.0230257437,0.999705315],"scale":1,"type":"barrier_concrete2"}
{"pos":[-104.918152,208.011734,25.1732693],"rotationMatrix":[0.836785614,0.547445238,0.00967111997,-0.547470868,0.836824775,-4.53786924e-07,-0.00809328072,-0.0052942764,0.99995321],"scale":1,"type":"barrier_concrete2"}
{"pos":[-95.4169006,220.749176,25.3147964],"rotationMatrix":[0.528339863,0.848936737,0.0127805658,-0.849006116,0.528383017,-6.75208867e-08,-0.00675309217,-0.0108507425,0.999918342],"scale":1.00000012,"type":"barrier_concrete2"}
{"pos":[308.393799,89.2383728,25.004921],"rotationMatrix":[0.789143503,-0.614208877,0.000202848489,0.614208877,0.789143503,-4.29427018e-08,-0.0001600502,0.000124625236,1],"scale":1,"type":"barrier_concrete2"}
{"pos":[-99.4981079,213.842712,25.2272606],"rotationMatrix":[-0.539324999,-0.842061341,-0.00782680884,0.84208709,-0.539341569,-2.39815563e-08,-0.00422130339,-0.00659086742,0.999969363],"scale":1.00000024,"type":"barrier_concrete2"}
{"pos":[-90.7662659,227.282974,25.3875923],"rotationMatrix":[-0.618208289,-0.786002874,-0.00426549371,0.786010027,-0.618213892,-1.85216777e-07,-0.0026368415,-0.00335283484,0.99999088],"scale":1.00000012,"type":"barrier_concrete2"}
{"pos":[-439.816528,278.335876,24.99189],"rotationMatrix":[-0.537888885,0.84301573,0.000232187216,-0.84301573,-0.537888885,-1.37348252e-07,0.000124775135,-0.000195811357,1],"scale":1,"type":"barrier_concrete2"}
{"pos":[-448.406891,291.798828,24.9958305],"rotationMatrix":[-0.537922263,0.842993855,0.00108473131,-0.842994332,-0.537922621,-5.22413757e-08,0.000583457411,-0.000914450386,0.999999404],"scale":1.00000012,"type":"barrier_concrete2"}
{"pos":[-435.480957,271.630463,24.9862289],"rotationMatrix":[0.554826975,-0.831964076,-0.00166952773,0.831965268,0.554827809,-1.17579475e-08,0.000926310197,-0.00138898252,0.999998629],"scale":0.99999994,"type":"barrier_concrete2"}
{"pos":[-444.111572,285.067383,24.9935112],"rotationMatrix":[0.53789413,-0.843012393,-0.000156807073,0.843012393,0.53789413,1.2091914e-07,8.42436712e-05,-0.000132255343,1],"scale":1.00000024,"type":"barrier_concrete2"}
{"pos":[-452.702209,298.530243,25.0062218],"rotationMatrix":[0.537902594,-0.843006611,-0.00073353207,0.843006849,0.537902772,5.35801519e-08,0.000394523784,-0.000618401449,0.999999702],"scale":1,"type":"barrier_concrete2"}
{"pos":[-410.401672,278.263733,24.9273224],"rotationMatrix":[-0.537426472,0.843310535,0.000160964453,-0.843310535,-0.537426472,-1.07218511e-07,8.64161557e-05,-0.000135800641,1],"scale":1.00000012,"type":"barrier_concrete2"}
{"pos":[-419.01178,291.774902,24.9289532],"rotationMatrix":[-0.537430167,0.843308151,-5.46637093e-05,-0.843308151,-0.537430167,-8.92759999e-09,-2.93854609e-05,4.60935589e-05,1],"scale":1,"type":"barrier_concrete2"}
{"pos":[-414.706726,285.019348,24.9270477],"rotationMatrix":[0.537435174,-0.843305051,-0.000305925962,0.843305051,0.537435174,-9.13423719e-08,0.000164492434,-0.000257939799,0.99999994],"scale":0.99999994,"type":"barrier_concrete2"}
{"pos":[-423.316895,298.530518,24.9269505],"rotationMatrix":[0.537393689,-0.843331456,-0.000332252181,0.843331456,0.537393749,1.717126e-09,0.000178548798,-0.00028019966,0.99999994],"scale":1.00000012,"type":"barrier_concrete2"}
{"pos":[292.08429,71.8912659,25.0705948],"rotationMatrix":[-0.731373787,0.681960166,-0.00478395959,-0.681967914,-0.731382132,-1.34459697e-07,-0.00349899405,0.00326240854,0.999988556],"scale":1.00000012,"type":"barrier_concrete2"}
{"pos":[286.288849,77.2952576,25.0302734],"rotationMatrix":[0.731359184,-0.681977034,0.00459282566,0.681984186,0.731366873,-8.94069672e-08,-0.00335897971,0.00313229999,0.99998945],"scale":1.00000012,"type":"barrier_concrete2"}
{"pos":[-226.665741,360.991425,27.6861477],"rotationMatrix":[0.880067706,-0.474623531,-0.0146053182,0.474674135,0.880161583,1.5180558e-07,0.0128549682,-0.00693290029,0.999893308],"scale":1,"type":"barrier_concrete2"}
{"pos":[-240.784882,368.188263,28.1320972],"rotationMatrix":[0.957279921,-0.287414163,-0.0317538269,0.287559181,0.957762897,1.62515789e-07,0.0304125901,-0.00913126022,0.999495745],"scale":0.99999994,"type":"barrier_concrete2"}
{"pos":[-256.574402,369.011475,28.537466],"rotationMatrix":[0.999690115,0.00372382719,-0.0246136729,-0.00372495502,0.999993086,3.25708243e-08,0.0246135015,9.16522695e-05,0.99969703],"scale":1.00000012,"type":"barrier_concrete2"}
{"pos":[-219.670319,357.242004,27.6202621],"rotationMatrix":[-0.882764101,0.469796181,0.0043747318,-0.469800651,-0.882772565,-1.29453838e-07,0.00386183197,-0.00205536629,0.999990404],"scale":0.999999821,"type":"barrier_concrete2"}
{"pos":[-233.646484,364.763214,27.8826771],"rotationMatrix":[-0.879774094,0.474414706,0.0304648168,-0.474635005,-0.880182624,-1.26194209e-07,0.0268145464,-0.0144597795,0.999535859],"scale":0.999999881,"type":"barrier_concrete2"}
{"pos":[-248.639648,369.063385,28.3531113],"rotationMatrix":[-0.999704599,-0.00340624643,0.0240622535,0.00340722944,-0.999994159,-1.55519956e-07,0.0240621157,8.18301487e-05,0.999710441],"scale":1,"type":"barrier_concrete2"}
{"pos":[-264.509552,369.029785,28.7115002],"rotationMatrix":[-0.999696493,0.0137673337,0.0204278789,-0.0137702115,-0.999905109,-2.37327185e-07,0.0204259381,-0.000281533459,0.999791324],"scale":0.99999994,"type":"barrier_concrete2"}
{"pos":[-172.963562,177.919525,31.9673729],"rotationMatrix":[-0.659363627,-0.751823902,-0.000672504597,0.751824021,-0.659363866,5.07279765e-07,-0.000443806581,-0.000505270669,0.999999762],"scale":1.00000012,"type":"barrier_concrete2"}
{"pos":[-159.305893,176.879349,31.9928493],"rotationMatrix":[-0.5308671,0.847451508,0.00245391298,-0.847454011,-0.530868649,-7.92788342e-08,0.00130263844,-0.00207962049,0.99999696],"scale":1,"type":"barrier_concrete2"}
{"pos":[-165.799774,180.829803,31.9845161],"rotationMatrix":[0.999807179,0.0195945054,0.00126628636,-0.0195945203,0.999808013,2.46536729e-08,-0.00126604282,-2.48369215e-05,0.999999225],"scale":0.99999994,"type":"barrier_concrete2"}
{"pos":[-178.724411,210.660492,31.9540424],"rotationMatrix":[0.193624556,0.981070638,0.0031646234,-0.981075525,0.19362551,1.93947926e-07,-0.000612561707,-0.00310477219,0.999994993],"scale":1,"type":"barrier_concrete2"}
{"pos":[-183.220154,195.673309,31.9742165],"rotationMatrix":[0.312418282,0.94993794,0.00355037255,-0.9499439,0.312420249,-2.6775524e-09,-0.00110921066,-0.00337265432,0.999993682],"scale":1,"type":"barrier_concrete2"}
{"pos":[-188.147751,180.808334,31.9528313],"rotationMatrix":[0.315991759,0.94876188,-0.000324334658,-0.94876188,0.315991819,3.64962034e-08,0.000102521728,0.000307704846,0.99999994],"scale":1,"type":"barrier_concrete2"}
{"pos":[-180.792435,203.116486,31.8726501],"rotationMatrix":[-0.313803554,-0.949288011,0.0194830094,0.949468255,-0.313863158,-7.82310963e-08,0.00611507287,0.0184984747,0.999810159],"scale":1,"type":"barrier_concrete2"}
{"pos":[-185.677414,188.238663,31.9666405],"rotationMatrix":[-0.314862728,-0.949133337,-0.00275547034,0.949136913,-0.31486392,3.14321369e-09,-0.000867600844,-0.00261531724,0.999996185],"scale":0.99999994,"type":"barrier_concrete2"}
