{"pos":[-143.55571,261.532745,31.022747],"rotationMatrix":[0.29812336,0.954400599,-0.0155531988,-0.954516113,0.29815942,-8.4284693e-08,0.00463725114,0.0148458034,0.999879062],"scale":1,"type":"barrier_concrete1"}
{"pos":[-148.219391,246.375397,31.3509483],"rotationMatrix":[0.284541368,0.958405256,-0.0222599953,-0.95864284,0.284611881,8.66129994e-08,0.00633554067,0.0213393606,0.999752223],"scale":1,"type":"barrier_concrete1"}
{"pos":[-152.400665,231.080612,31.723999],"rotationMatrix":[0.233842254,0.971972108,-0.0242494456,-0.972257972,0.233911037,2.12341547e-07,0.00567242038,0.0235766694,0.999705911],"scale":1,"type":"barrier_concrete1"}
{"pos":[-154.787567,215.437851,31.9455242],"rotationMatrix":[0.00833487511,0.999955833,-0.0043386668,-0.99996525,0.00833499432,1.97673216e-07,3.63599975e-05,0.00433851499,0.999990582],"scale":1,"type":"barrier_concrete1"}
{"pos":[-152.428101,199.810898,31.983305],"rotationMatrix":[-0.281027913,0.959699571,0.000261977024,-0.959699571,-0.281027913,5.13391569e-08,7.3672134e-05,-0.000251404796,0.99999994],"scale":1,"type":"barrier_concrete1"}
{"pos":[-141.203506,269.105652,30.8811531],"rotationMatrix":[-0.296178341,-0.954957545,0.018285064,0.955117285,-0.296227813,-5.12227416e-08,0.00541659445,0.0174643658,0.999832809],"scale":0.99999994,"type":"barrier_concrete1"}
{"pos":[-145.915329,253.962219,31.1693306],"rotationMatrix":[-0.295289278,-0.955133438,0.022898633,0.955383897,-0.295366764,6.51925802e-09,0.00676348805,0.0218769871,0.999737799],"scale":1,"type":"barrier_concrete1"}
{"pos":[-150.407806,238.754364,31.5271244],"rotationMatrix":[-0.265719652,-0.963755429,0.0238443688,0.964029491,-0.265795112,-9.406358e-08,0.00633780845,0.0229866505,0.999715686],"scale":1,"type":"barrier_concrete1"}
{"pos":[-154.040405,223.323792,31.880043],"rotationMatrix":[-0.171481609,-0.985092938,0.0136402268,0.98518461,-0.171497583,-1.1920929e-07,0.00233938219,0.0134381205,0.999906957],"scale":1,"type":"barrier_concrete1"}
{"pos":[-154.188431,207.538498,31.9791107],"rotationMatrix":[0.15515089,-0.987884283,0.00359015563,0.987890601,0.155151844,-9.7672455e-08,-0.000556922751,0.00354669616,0.999993563],"scale":1,"type":"barrier_concrete1"}
{"pos":[-149.855164,192.311203,32.0000992],"rotationMatrix":[0.360333741,-0.932816744,0.0035405145,0.932822585,0.360336006,-1.36205927e-08,-0.00127576233,0.00330267707,0.999993742],"scale":0.99999994,"type":"barrier_concrete1"}
{"pos":[-198.459351,379.886749,27.8574409],"rotationMatrix":[-0.896557331,0.442795157,0.0108265588,-0.442821085,-0.896609902,1.88592821e-08,0.00970720965,-0.00479421206,0.999941409],"scale":1,"type":"barrier_concrete1"}
{"pos":[-184.10022,372.794373,27.7945061],"rotationMatrix":[-0.896572709,0.442865759,-0.00521349395,-0.442871779,-0.896584868,6.03031367e-08,-0.00467431312,0.00230896333,0.99998641],"scale":1,"type":"barrier_concrete1"}
{"pos":[-169.74408,365.703064,28.1119213],"rotationMatrix":[-0.896305919,0.442698807,-0.02556834,-0.442843586,-0.896599054,4.61004674e-08,-0.0229245238,0.011322815,0.999673069],"scale":1,"type":"barrier_concrete1"}
{"pos":[-155.393127,358.614258,28.649826],"rotationMatrix":[-0.895844817,0.442506462,-0.040620409,-0.442871958,-0.896584868,-7.63684511e-08,-0.0364196748,0.0179895721,0.999174654],"scale":0.99999994,"type":"barrier_concrete1"}
{"pos":[-191.279816,376.340668,27.7945595],"rotationMatrix":[0.896598458,-0.442826182,-0.00402309373,0.442829758,0.89660573,3.05008143e-08,0.00360711548,-0.00178157317,0.999991894],"scale":1,"type":"barrier_concrete1"}
{"pos":[-176.921478,369.248352,27.9128036],"rotationMatrix":[0.896371543,-0.442795753,0.021213267,0.442895412,0.896573305,4.47034836e-08,-0.0190192685,0.00939521752,0.999774992],"scale":1,"type":"barrier_concrete1"}
{"pos":[-162.567566,362.158203,28.3467503],"rotationMatrix":[0.895949483,-0.442621529,0.0368874297,0.44292295,0.896559656,6.51925802e-08,-0.0330718085,0.016338231,0.999319434],"scale":1.00000012,"type":"barrier_concrete1"}
{"pos":[-148.220566,355.071381,29.0056171],"rotationMatrix":[0.895619869,-0.442418545,0.0461611748,0.442890674,0.89657563,4.65661287e-08,-0.0413870066,0.0204443131,0.998934031],"scale":1,"type":"barrier_concrete1"}
{"pos":[-201.948074,388.543518,28.0942688],"rotationMatrix":[0.999985576,-0.00309621985,0.00438744109,0.00309624919,0.999995232,8.99462975e-08,-0.0043874206,1.34946667e-05,0.999990404],"scale":1,"type":"barrier_concrete1"}
{"pos":[-217.906738,388.593781,28.1870346],"rotationMatrix":[0.999873042,-0.00319265784,-0.0156117072,0.00319304806,0.999994874,6.8313966e-08,0.0156116271,-4.9917242e-05,0.999878109],"scale":1,"type":"barrier_concrete1"}
{"pos":[-233.861755,388.643524,28.5451641],"rotationMatrix":[0.999578655,-0.00319267134,-0.0288504288,0.00319400174,0.999994874,2.88600859e-08,0.0288502797,-9.21771571e-05,0.999583721],"scale":1,"type":"barrier_concrete1"}
{"pos":[-209.927612,388.568787,28.1032333],"rotationMatrix":[-0.999984741,0.00310805091,0.00454549165,-0.00310808304,-0.999995112,2.43990144e-08,0.00454547023,-1.41033679e-05,0.999989688],"scale":1,"type":"barrier_concrete1"}
{"pos":[-225.884766,388.618896,28.3432426],"rotationMatrix":[-0.99972105,0.00309340633,0.0234194249,-0.00309425895,-0.999995351,-1.77667971e-07,0.0234193131,-7.26433791e-05,0.999725699],"scale":1,"type":"barrier_concrete1"}
{"pos":[-241.837219,388.668823,28.802042],"rotationMatrix":[-0.999388456,0.00319507439,0.0348195694,-0.00319701619,-0.999994874,-8.84610927e-08,0.0348193906,-0.000111407127,0.999393642],"scale":1,"type":"barrier_concrete1"}
{"pos":[-179.102158,218.348709,31.980463],"rotationMatrix":[-0.301635027,0.953197658,-0.0207494646,-0.953402936,-0.301699877,-4.47034836e-08,-0.00626015523,0.019782586,0.999784708],"scale":1.00000012,"type":"barrier_concrete1"}
{"pos":[-183.964294,233.712997,31.3060112],"rotationMatrix":[-0.30147326,0.952659011,-0.0394279361,-0.953400373,-0.301707864,2.98023224e-08,-0.0118956948,0.0375906192,0.999222398],"scale":1,"type":"barrier_concrete1"}
{"pos":[-188.828461,249.083694,30.8165131],"rotationMatrix":[-0.301434994,0.952556312,-0.0421103537,-0.953401983,-0.301702619,-1.56462193e-07,-0.0127049563,0.0401480533,0.999112964],"scale":0.99999994,"type":"barrier_concrete1"}
{"pos":[-181.533508,226.031769,31.6687832],"rotationMatrix":[0.301367879,-0.952268958,0.0485927239,0.953395247,0.301724315,1.17346644e-07,-0.01466172,0.046328038,0.998818696],"scale":1.00000012,"type":"barrier_concrete1"}
{"pos":[-186.396423,241.398438,31.063818],"rotationMatrix":[0.301635563,-0.95315963,0.0224227421,0.95339936,0.30171138,-2.23517418e-08,-0.00676517654,0.0213778336,0.999748588],"scale":1.00000012,"type":"barrier_concrete1"}
{"pos":[-191.259933,256.767059,30.5084457],"rotationMatrix":[0.301568508,-0.952950239,0.0306975693,0.953399539,0.301710665,1.06170774e-07,-0.00926188659,0.0292670168,0.999528706],"scale":1,"type":"barrier_concrete1"}
{"pos":[-199.747269,285.274475,29.5216732],"rotationMatrix":[-0.286080956,-0.958132267,-0.011842072,0.958199501,-0.286100984,-1.08033419e-07,-0.00338792568,-0.0113470983,0.999929905],"scale":1,"type":"barrier_concrete1"}
{"pos":[-204.271164,270.123444,29.1695518],"rotationMatrix":[-0.285994291,-0.957737088,-0.0307753738,0.958190918,-0.286129832,2.79396772e-09,-0.00880575366,-0.0294886827,0.999526322],"scale":1,"type":"barrier_concrete1"}
{"pos":[-197.484818,292.851685,29.5931015],"rotationMatrix":[0.286101758,0.958179951,0.00607770123,-0.958197594,0.286107004,7.40401447e-08,-0.0017388023,-0.00582366064,0.999981523],"scale":1,"type":"barrier_concrete1"}
{"pos":[-202.00946,277.698181,29.3842907],"rotationMatrix":[0.286041915,0.957940817,0.0230104327,-0.958194494,0.286117673,-1.86264515e-08,-0.00658371206,-0.022048464,0.999735236],"scale":1,"type":"barrier_concrete1"}
{"pos":[-206.532867,262.548553,28.9619236],"rotationMatrix":[0.286058903,0.957894623,0.024663575,-0.95818609,0.286145926,2.70083547e-08,-0.00705735758,-0.0236322992,0.999695837],"scale":1,"type":"barrier_concrete1"}
{"pos":[-215.564697,350.259674,27.7496834],"rotationMatrix":[0.316659451,-0.948278129,0.0222586244,0.948513091,0.31673795,-1.05239451e-07,-0.00705005182,0.021112632,0.999752223],"scale":1,"type":"barrier_concrete1"}
{"pos":[-210.46666,334.991089,28.2590733],"rotationMatrix":[0.316493511,-0.947978675,0.0341794416,0.948532879,0.316678584,3.7252903e-09,-0.0108238989,0.0324203223,0.999415696],"scale":1,"type":"barrier_concrete1"}
{"pos":[-205.369049,319.723541,28.8059864],"rotationMatrix":[0.316493392,-0.947994947,0.0337260291,0.948534608,0.316673517,-1.00582838e-07,-0.0106800431,0.0319903381,0.999431133],"scale":1,"type":"barrier_concrete1"}
{"pos":[-200.271088,304.455017,29.3205051],"rotationMatrix":[0.316520452,-0.94794482,0.0348641463,0.948521435,0.316712976,-3.7252903e-09,-0.0110419253,0.0330693908,0.999392033],"scale":1,"type":"barrier_concrete1"}
{"pos":[-213.015457,342.624664,27.9793797],"rotationMatrix":[-0.316506505,0.947982192,-0.033959493,-0.948529243,-0.316689134,-7.26431608e-08,-0.0107546756,0.0322115496,0.999423206],"scale":1,"type":"barrier_concrete1"}
{"pos":[-207.917847,327.357178,28.5289726],"rotationMatrix":[-0.316527724,0.947959244,-0.0344007127,-0.948520601,-0.31671524,1.06170774e-07,-0.0108951302,0.0326298177,0.999408126],"scale":1,"type":"barrier_concrete1"}
{"pos":[-202.820068,312.089233,29.0616398],"rotationMatrix":[-0.31654644,0.948091805,-0.0303344652,-0.948528349,-0.316692114,8.47503543e-08,-0.00960660819,0.0287731253,0.999539793],"scale":1,"type":"barrier_concrete1"}
{"pos":[-197.721863,296.819702,29.5411949],"rotationMatrix":[-0.316605568,0.948236883,-0.0246519186,-0.948525131,-0.31670177,-1.67638063e-08,-0.00780732464,0.0233829599,0.999696076],"scale":1,"type":"barrier_concrete1"}
{"pos":[-101.894806,210.631195,25.1997719],"rotationMatrix":[0.668568373,0.74361974,0.00678549986,-0.743636906,0.668583751,-1.09430403e-08,-0.00453668274,-0.00504594017,0.999976993],"scale":1.00000012,"type":"barrier_concrete1"}
{"pos":[-93.1664124,224.069016,25.3583565],"rotationMatrix":[0.582009435,0.813127935,0.00938336086,-0.813163698,0.582035065,-2.77068466e-08,-0.00546146743,-0.00763019174,0.999955952],"scale":0.99999994,"type":"barrier_concrete1"}
{"pos":[311.554138,86.7672882,25.0043011],"rotationMatrix":[0.786375046,-0.617749155,-0.000507920689,0.617749274,0.786375165,-3.54339136e-08,0.000399438082,-0.000313739758,0.999999881],"scale":1,"type":"barrier_concrete1"}
{"pos":[-108.529419,206.291595,25.1280365],"rotationMatrix":[-0.949802876,-0.312659651,-0.0108879786,0.312678188,-0.949859262,2.00117938e-07,-0.0103421081,-0.00340424292,0.999940753],"scale":1,"type":"barrier_concrete1"}
{"pos":[-97.4500732,217.291458,25.2660599],"rotationMatrix":[-0.496008396,-0.868253231,-0.0105772018,0.868301749,-0.496036172,4.703179e-08,-0.00524671562,-0.00918417983,0.999944031],"scale":0.99999994,"type":"barrier_concrete1"}
{"pos":[-88.1839752,230.35202,25.4009247],"rotationMatrix":[-0.67072773,-0.741694331,-0.00373501051,0.741699457,-0.670732379,5.49480319e-08,-0.00250523305,-0.00277021853,0.999993026],"scale":1,"type":"barrier_concrete1"}
{"pos":[-441.96405,281.701599,24.992775],"rotationMatrix":[-0.537902236,0.843007267,0.000208276222,-0.843007267,-0.537902236,-5.25833457e-08,0.000111987916,-0.000175606634,1],"scale":1.00000024,"type":"barrier_concrete1"}
{"pos":[-450.554596,295.16452,25.0013809],"rotationMatrix":[-0.537913799,0.842998505,0.00149448426,-0.842999458,-0.537914395,-1.14319846e-07,0.000803808216,-0.00125991087,0.999998868],"scale":1.00000024,"type":"barrier_concrete1"}
{"pos":[-437.66803,274.970734,24.9908504],"rotationMatrix":[0.540600002,-0.841279626,-0.000524065574,0.841279745,0.540600061,4.83414624e-08,0.000283269212,-0.000440911856,0.999999881],"scale":1.00000012,"type":"barrier_concrete1"}
{"pos":[-446.259277,288.433167,24.9939842],"rotationMatrix":[0.53791362,-0.842999935,-7.63598073e-05,0.842999935,0.53791362,3.61647835e-07,4.07701118e-05,-6.45658583e-05,1],"scale":1,"type":"barrier_concrete1"}
{"pos":[-454.849792,301.895996,25.005722],"rotationMatrix":[0.537895143,-0.843010902,0.0011766227,0.843011498,0.53789556,7.67176971e-08,-0.000632964715,0.000991865178,0.999999285],"scale":1.00000012,"type":"barrier_concrete1"}
{"pos":[-412.554169,281.641541,24.9270096],"rotationMatrix":[-0.537428379,0.843309402,-0.000167278311,-0.843309402,-0.537428379,-8.12651706e-08,-8.9968642e-05,0.000141023716,1],"scale":1.00000012,"type":"barrier_concrete1"}
{"pos":[-421.164307,295.15274,24.9276733],"rotationMatrix":[-0.537412643,0.843319118,-0.000621095998,-0.843319237,-0.537412763,-7.9657184e-08,-0.000333852106,0.000523739378,0.999999821],"scale":1.00000012,"type":"barrier_concrete1"}
{"pos":[-416.859253,288.397095,24.9284134],"rotationMatrix":[0.537464917,-0.843286097,-0.0002818004,0.843286097,0.537464976,1.43714715e-07,0.000151336659,-0.000237715605,0.99999994],"scale":1,"type":"barrier_concrete1"}
{"pos":[289.186584,74.5932617,25.0502434],"rotationMatrix":[-0.731359005,0.681972206,-0.00528380973,-0.681981742,-0.731369138,-4.57512215e-08,-0.00386444689,0.0036034286,0.999986053],"scale":1.00000012,"type":"barrier_concrete1"}
{"pos":[294.982025,69.1892548,25.087471],"rotationMatrix":[0.731360793,-0.681980431,0.00375292567,0.681985199,0.731365919,-8.60309228e-08,-0.00274470332,0.00255950307,0.999992967],"scale":1.00000012,"type":"barrier_concrete1"}
{"pos":[283.391174,79.9972992,25.0155144],"rotationMatrix":[0.731364846,-0.681981266,0.00263109617,0.68198365,0.731367409,1.13446731e-07,-0.00192437554,0.00179428165,0.999996543],"scale":1.00000024,"type":"barrier_concrete1"}
{"pos":[-230.156525,362.87738,27.7691803],"rotationMatrix":[0.879275024,-0.475547463,-0.027019104,0.475721151,0.879596174,3.3993274e-08,0.0237658825,-0.0128535889,0.999634922],"scale":1.00000012,"type":"barrier_concrete1"}
{"pos":[-244.676422,368.922394,28.2524414],"rotationMatrix":[0.995239317,-0.0933294445,-0.0280777011,0.0933662504,0.995631814,9.23173502e-08,0.0279550459,-0.0026216018,0.999605715],"scale":0.99999994,"type":"barrier_concrete1"}
{"pos":[-260.541992,369.001617,28.6261749],"rotationMatrix":[0.999768317,-0.00215472071,-0.0214152839,0.00215521525,0.999997675,1.74841261e-08,0.0214152355,-4.61720301e-05,0.999770641],"scale":1,"type":"barrier_concrete1"}
{"pos":[-223.170761,359.111816,27.6411514],"rotationMatrix":[-0.881315708,0.472470164,0.00738623133,-0.472483039,-0.881339669,2.72411853e-08,0.00650979253,-0.00348984543,0.999972701],"scale":0.99999994,"type":"barrier_concrete1"}
{"pos":[-237.141785,366.638733,28.0052261],"rotationMatrix":[-0.882009029,0.470185518,0.0313974135,-0.47041744,-0.882444143,-1.49011612e-07,0.0277063884,-0.0147700217,0.99950695],"scale":1,"type":"barrier_concrete1"}
{"pos":[-252.606979,369.026276,28.4453278],"rotationMatrix":[-0.999780178,-0.0037016049,0.0206390098,0.00370239327,-0.999993205,-2.20534275e-08,0.0206388682,7.6391676e-05,0.999786973],"scale":1,"type":"barrier_concrete1"}
{"pos":[-169.717667,180.172836,31.9782791],"rotationMatrix":[-0.933156133,-0.359467268,-0.00166746543,0.359467745,-0.933157444,-4.09781933e-08,-0.00155599311,-0.000599438325,0.999998629],"scale":1,"type":"barrier_concrete1"}
{"pos":[-162.041153,179.746399,31.9884262],"rotationMatrix":[0.819981813,-0.572386086,0.0020021738,0.572387278,0.819983423,-2.07161065e-07,-0.00164163066,0.0011461887,0.999997973],"scale":0.99999994,"type":"barrier_concrete1"}
{"pos":[-179.617416,206.849991,31.9055824],"rotationMatrix":[0.269902587,0.962477744,0.0280928351,-0.962857783,0.27000916,-3.53902578e-08,-0.00758535694,-0.0270493962,0.999605298],"scale":1,"type":"barrier_concrete1"}
{"pos":[-184.446442,191.955215,31.9715157],"rotationMatrix":[0.313934267,0.949444711,2.30405913e-05,-0.949444711,0.313934267,-1.19724973e-07,-7.34690366e-06,-2.18381829e-05,1],"scale":1,"type":"barrier_concrete1"}
{"pos":[-178.443039,214.550644,31.9475594],"rotationMatrix":[0.0589137077,-0.99823308,0.00774227083,0.998263001,0.0589154363,-1.08266249e-07,-0.000456031412,0.00772882905,0.999970019],"scale":0.99999994,"type":"barrier_concrete1"}
{"pos":[-182.003967,199.394608,31.9617901],"rotationMatrix":[-0.308481693,-0.951086402,0.0165394917,0.951216459,-0.308523893,1.86264515e-08,0.00510281138,0.0157326441,0.999863207],"scale":0.99999994,"type":"barrier_concrete1"}
{"pos":[-186.911484,184.523148,31.9579239],"rotationMatrix":[-0.315521479,-0.948913574,-0.00302852038,0.948917985,-0.315522909,-5.56465238e-08,-0.000955514726,-0.00287383492,0.99999541],"scale":1,"type":"barrier_concrete1"}
