{"pos":[-297.550354,452.713959,30.318985],"rotationMatrix":[-0.12203002,-0.992378712,-0.0171203986,0.992505312,-0.122121811,0.00441695983,-0.00647407118,-0.0164530836,0.999843657],"scale":1,"type":"electrical_pole"}
{"pos":[-244.482147,436.112152,29.7305489],"rotationMatrix":[-0.292960286,-0.956031382,-0.0133468751,0.956098378,-0.293026924,0.0033066757,-0.00707228109,-0.0117922025,0.999905467],"scale":1,"type":"electrical_pole"}
{"pos":[-184.918228,426.827942,30.2585564],"rotationMatrix":[-0.161636949,-0.98676002,-0.013346876,0.986835361,-0.16169405,0.00330667663,-0.00542100612,-0.0126366885,0.999905467],"scale":1,"type":"electrical_pole"}
{"pos":[-130.441467,426.282227,32.552063],"rotationMatrix":[0.00295847654,-0.9999066,-0.0133468788,0.999990284,0.00291460752,0.00330667477,-0.00326746469,-0.013356532,0.999905467],"scale":1,"type":"electrical_pole"}
{"pos":[-75.4657059,426.938965,36.9495316],"rotationMatrix":[0.0029527545,-0.999872804,0.0156667959,0.999961376,0.00308185816,0.00821995921,-0.0082671959,0.0156419203,0.999843478],"scale":1,"type":"electrical_pole"}
{"pos":[-28.9979248,396.884766,37.2396011],"rotationMatrix":[-0.975218058,-0.219903573,-0.0243299827,0.219763115,-0.975517511,0.0083366055,-0.0255675763,0.00278317509,0.999669194],"scale":1,"type":"electrical_pole"}
{"pos":[1.17753971,350.333191,31.6518059],"rotationMatrix":[-0.209694982,-0.977541089,0.0210097618,0.977735162,-0.20981276,-0.00354109611,0.00786968227,0.0197994336,0.999773026],"scale":1,"type":"electrical_pole"}
{"pos":[54.9963303,343.51535,27.5789356],"rotationMatrix":[-0.0473290682,-0.998850107,-0.00764158927,0.998879075,-0.0473333597,0.000383138889,-0.000744399847,-0.00761489011,0.999970734],"scale":1,"type":"electrical_pole"}
{"pos":[109.622314,345.320801,27.7952347],"rotationMatrix":[-0.0211627483,-0.999526203,0.0223497525,0.999775946,-0.0211453438,0.00101785827,-0.000544783659,0.0223662853,0.99974972],"scale":1,"type":"electrical_pole"}
{"pos":[165.260483,349.084534,31.8558197],"rotationMatrix":[0.247596979,-0.96885848,0.00297284825,0.96886301,0.247596622,-0.000499841408,-0.00025179144,0.00300404197,0.99999547],"scale":1,"type":"electrical_pole"}
{"pos":[221.239929,356.622406,35.5779152],"rotationMatrix":[-0.401204467,-0.915224552,-0.0374022834,0.915950537,-0.401224852,-0.00729106553,-0.00833376218,-0.037183851,0.999273717],"scale":1,"type":"electrical_pole"}
{"pos":[270.037598,330.156555,38.5392151],"rotationMatrix":[-0.604711771,-0.796091259,-0.0237137862,0.796396434,-0.604734063,-0.007033417,-0.0087412931,-0.0231387652,0.999694049],"scale":1,"type":"electrical_pole"}
{"pos":[300.045624,285.256042,38.6263123],"rotationMatrix":[-0.857666612,-0.514205992,0.000470437342,0.514181674,-0.857634306,-0.00898342673,0.00502279494,-0.00746289501,0.999959528],"scale":1,"type":"electrical_pole"}
{"pos":[323.17215,234.746323,33.6594887],"rotationMatrix":[-0.891901731,-0.452229083,0.000470437342,0.452207088,-0.891867757,-0.00898342859,0.00448213518,-0.00779960025,0.999959528],"scale":1,"type":"electrical_pole"}
{"pos":[345.28299,185.643845,30.2306519],"rotationMatrix":[-0.892778039,-0.450426698,0.00794879533,0.45035845,-0.892802238,-0.00902996492,0.0111640394,-0.00448194705,0.99992764],"scale":1,"type":"electrical_pole"}
{"pos":[-25.5049076,-153.528259,28.3244991],"rotationMatrix":[0.0863778591,0.996162117,0.0141371684,-0.996260107,0.0863386989,0.0033608349,0.00212735217,-0.0143745998,0.99989444],"scale":1,"type":"electrical_pole"}
{"pos":[-83.8868942,-148.40451,30.2504158],"rotationMatrix":[-0.260262966,0.965531647,0.00342807546,-0.965524137,-0.260276556,0.00437825825,0.00511959475,-0.00217039115,0.999984562],"scale":1,"type":"electrical_pole"}
{"pos":[-120.08725,-194.058228,35.2252922],"rotationMatrix":[-0.865765572,0.50044924,-0.000791424885,-0.500447929,-0.865756869,0.00412099203,0.00137716578,0.00396387978,0.999991179],"scale":1,"type":"electrical_pole"}
{"pos":[-150.551239,-223.980255,36.388401],"rotationMatrix":[-0.765129447,0.643875837,-0.000791424711,-0.643873096,-0.765121102,0.00412099529,0.0020478738,0.00366267213,0.999991179],"scale":1,"type":"electrical_pole"}
{"pos":[-206.909912,-225.496552,38.1474571],"rotationMatrix":[0.417749643,0.908561885,-0.000791424653,-0.908553064,0.417749166,0.00412099808,0.00407479797,-0.00100249436,0.999991179],"scale":1,"type":"electrical_pole"}
{"pos":[-256.906158,-197.184937,40.0125313],"rotationMatrix":[0.417754292,0.90843147,0.0152834514,-0.908547699,0.417601705,0.0122450776,0.00474141818,-0.0190011784,0.999808192],"scale":1,"type":"electrical_pole"}
{"pos":[-300.911407,-163.064087,40.9862823],"rotationMatrix":[0.765296876,0.643566072,-0.0119722774,-0.643614829,0.765349507,-0.000286594499,0.00897853356,0.00792486593,0.999928296],"scale":1,"type":"electrical_pole"}
{"pos":[-318.984528,-109.821732,37.2760849],"rotationMatrix":[-0.610016704,-0.792298138,-0.0119722746,0.792357028,-0.610057712,-0.00028659543,-0.0070767086,-0.00966114365,0.999928296],"scale":1,"type":"electrical_pole"}
{"pos":[-380.941345,-72.8752213,31.17062],"rotationMatrix":[0.675102234,0.737627029,-0.0119722709,-0.737682223,0.67514807,-0.000286594965,0.00787165575,0.00902521145,0.999928296],"scale":1,"type":"electrical_pole"}
{"pos":[-413.082977,-28.5215988,30.0395718],"rotationMatrix":[0.882950425,0.469231695,0.0148372613,-0.469158143,0.883074999,-0.00831568334,-0.0170043968,0.000381314196,0.99985534],"scale":1,"type":"electrical_pole"}
{"pos":[569.404541,-80.0008774,40.004818],"rotationMatrix":[-0.931529522,0.363064378,-0.0209032688,-0.363249689,-0.931674123,0.00574757811,-0.0173882935,0.0129471449,0.999764979],"scale":1,"type":"electrical_pole"}
{"pos":[-377.580872,23.2560902,32.0516434],"rotationMatrix":[-0.0822254419,0.99659574,0.00600935519,-0.995835662,-0.082398057,0.0390129313,0.0393752754,-0.00277647749,0.99922061],"scale":1,"type":"electrical_pole"}
{"pos":[-438.576019,11.1043081,30.4268055],"rotationMatrix":[-0.153377295,0.988149405,0.00600935519,-0.987378955,-0.153494954,0.0390129164,0.0394729972,5.01889735e-05,0.99922061],"scale":1,"type":"electrical_pole"}
{"pos":[-488.602875,2.16849566,27.289938],"rotationMatrix":[-0.249289751,0.968112648,-0.0247512702,-0.968156397,-0.248531818,0.030085301,0.0229744818,0.0314630568,0.999240816],"scale":1,"type":"electrical_pole"}
{"pos":[-538.942749,-21.8572369,25.2440701],"rotationMatrix":[-0.630768061,0.775965035,-0.00314422394,-0.775962174,-0.630775213,-0.00230882433,-0.0037748653,0.000983466161,0.999992371],"scale":1,"type":"electrical_pole"}
{"pos":[362.791046,-18.7935295,26.0168457],"rotationMatrix":[0.897584319,0.440837175,-0.00221832702,-0.440794855,0.89754957,0.0102289729,0.00650037033,-0.00820353813,0.999945223],"scale":1,"type":"electrical_pole"}
{"pos":[383.688324,149.58046,26.4963036],"rotationMatrix":[-0.757516384,-0.652815342,0.00100795622,0.65278244,-0.757492065,-0.00899010617,0.00663239881,-0.00615217676,0.999959052],"scale":1,"type":"electrical_pole"}
{"pos":[412.351929,125.847,25.0225582],"rotationMatrix":[-0.360405922,-0.932471156,-0.0245966278,0.932793379,-0.360335708,-0.00738773588,-0.00197419245,-0.0256061591,0.999670148],"scale":1,"type":"electrical_pole"}
{"pos":[449.041321,121.031517,25.7243404],"rotationMatrix":[-0.294567227,-0.954811215,-0.0395672694,0.955008388,-0.295616984,0.0238648653,-0.0344832018,-0.030757267,0.998931885],"scale":1,"type":"electrical_pole"}
{"pos":[493.183258,112.088478,29.724514],"rotationMatrix":[-0.176978946,-0.983553886,-0.0360587016,0.984135032,-0.177312016,0.00623143744,-0.012522595,-0.0343837962,0.999330223],"scale":1,"type":"electrical_pole"}
{"pos":[547.529419,107.616959,35.1282654],"rotationMatrix":[-0.508474588,-0.859356761,0.0544019789,0.861008644,-0.508214474,0.0195496082,0.0108477827,0.0567810535,0.998327732],"scale":1,"type":"electrical_pole"}
{"pos":[584.333496,78.494751,39.9003868],"rotationMatrix":[-0.876882195,-0.478426278,-0.0467550009,0.479351282,-0.877561688,-0.0103959311,-0.0360567048,-0.031528078,0.998852313],"scale":1,"type":"electrical_pole"}
{"pos":[591.78595,40.3148499,42.9614868],"rotationMatrix":[-0.988915563,0.147201657,-0.0194411855,-0.14743948,-0.989005327,0.0114172706,-0.0175467934,0.0141571136,0.999745786],"scale":1,"type":"electrical_pole"}
{"pos":[580.091187,0.759098053,45.619957],"rotationMatrix":[-0.965484023,0.260072649,0.0142412903,-0.259871185,-0.965533495,0.0145606454,0.0175372679,0.0103571694,0.999792576],"scale":1,"type":"electrical_pole"}
{"pos":[567.593872,-37.9940758,45.4750214],"rotationMatrix":[-0.977856278,0.207804993,-0.0247850381,-0.207319781,-0.978052497,-0.0207872298,-0.0285607539,-0.0151884938,0.999476671],"scale":1,"type":"electrical_pole"}
{"pos":[555.440491,-75.4860535,43.5240402],"rotationMatrix":[-0.931318879,0.363298178,0.0256813634,-0.362798274,-0.931604028,0.0221628994,0.031976603,0.0113235712,0.999424458],"scale":1,"type":"electrical_pole"}
{"pos":[542.29718,-107.84494,40.912571],"rotationMatrix":[-0.840701222,0.539208353,-0.0497587994,-0.540576279,-0.841080427,0.0190030672,-0.0316045359,0.0428743251,0.998580456],"scale":1,"type":"electrical_pole"}
{"pos":[508.378693,-135.47345,35.8202972],"rotationMatrix":[-0.500687957,0.865346968,-0.0220510606,-0.865401804,-0.50097692,-0.0100963246,-0.0197838936,0.0140279196,0.999705851],"scale":1,"type":"electrical_pole"}
{"pos":[472.947327,-155.537964,32.9088974],"rotationMatrix":[-0.424524069,0.904046476,0.0497910343,-0.904499352,-0.425927043,0.0216120202,0.0407456197,-0.0358611383,0.998525798],"scale":1,"type":"electrical_pole"}
{"pos":[436.37915,-171.37149,34.4896889],"rotationMatrix":[-0.345447063,0.938340008,0.0135807563,-0.938283861,-0.345616579,0.0131414682,0.017024897,-0.00820292346,0.999821424],"scale":1,"type":"electrical_pole"}
{"pos":[399.277954,-186.466309,38.9196434],"rotationMatrix":[-0.345330715,0.938023567,-0.029301269,-0.938229561,-0.345792651,-0.0123594031,-0.0217255708,0.0232232362,0.999494195],"scale":1,"type":"electrical_pole"}
{"pos":[363.946106,-199.570602,43.4365349],"rotationMatrix":[-0.320874095,0.946450412,0.0356581137,-0.94707936,-0.320989013,-0.00260925107,0.00897633471,-0.0346083045,0.999360621],"scale":1,"type":"electrical_pole"}
{"pos":[325.551086,-211.945038,45.748024],"rotationMatrix":[-0.343060851,0.939033389,-0.0229244437,-0.938587189,-0.34173429,0.0476619452,0.0369220935,0.0378675386,0.998600423],"scale":1,"type":"electrical_pole"}
