{"pos":[369.058472,173.036728,28.0248222],"rotationMatrix":[0.463968337,-0.883518338,-0.0642552525,0.885276437,0.465059519,-0.00230992213,0.0319233797,-0.0558119304,0.997930825],"scale":1.05554891,"type":"farm_plank1"}
{"pos":[369.057404,173.041504,28.5748196],"rotationMatrix":[0.463968337,-0.883518338,-0.0642552525,0.885276437,0.465059519,-0.00230992213,0.0319233797,-0.0558119304,0.997930825],"scale":1.05554891,"type":"farm_plank1"}
{"pos":[369.05658,173.0448,28.9511337],"rotationMatrix":[0.463968337,-0.883518338,-0.0642552525,0.885276437,0.465059519,-0.00230992213,0.0319233797,-0.0558119304,0.997930825],"scale":1.05554891,"type":"farm_plank1"}
{"pos":[365.820374,178.754166,28.4424343],"rotationMatrix":[0.517345369,-0.85334909,-0.064413093,0.855026603,0.518576384,-0.00283529796,0.0358226076,-0.0536080822,0.997919321],"scale":1.05554891,"type":"farm_plank1"}
{"pos":[365.819458,178.758713,28.9720879],"rotationMatrix":[0.517345369,-0.85334909,-0.064413093,0.855026603,0.518576384,-0.00283529796,0.0358226076,-0.0536080822,0.997919321],"scale":1.05554891,"type":"farm_plank1"}
{"pos":[365.818665,178.762039,29.3464813],"rotationMatrix":[0.517345369,-0.85334909,-0.064413093,0.855026603,0.518576384,-0.00283529796,0.0358226076,-0.0536080822,0.997919321],"scale":1.05554891,"type":"farm_plank1"}
{"pos":[350.603394,173.281479,30.8967819],"rotationMatrix":[-0.515246749,0.855829835,0.0455628857,-0.856621265,-0.51593101,0.00390286557,0.0268474966,-0.0370192006,0.998953819],"scale":1.05554891,"type":"farm_plank1"}
{"pos":[350.579285,173.318665,30.5250092],"rotationMatrix":[-0.515246749,0.855829835,0.0455628857,-0.856621265,-0.51593101,0.00390286557,0.0268474966,-0.0370192006,0.998953819],"scale":1.05554891,"type":"farm_plank1"}
{"pos":[350.545227,173.371231,29.9990463],"rotationMatrix":[-0.515246749,0.855829835,0.0455628857,-0.856621265,-0.51593101,0.00390286557,0.0268474966,-0.0370192006,0.998953819],"scale":1.05554891,"type":"farm_plank1"}
{"pos":[347.381348,179.011978,31.2237206],"rotationMatrix":[-0.461784363,0.885845006,0.0451008789,-0.886459053,-0.462672591,0.0111600282,0.0307529904,-0.0348265581,0.998920083],"scale":1.05554891,"type":"farm_plank1"}
{"pos":[347.357147,179.049347,30.8500385],"rotationMatrix":[-0.461784363,0.885845006,0.0451008789,-0.886459053,-0.462672591,0.0111600282,0.0307529904,-0.0348265581,0.998920083],"scale":1.05554891,"type":"farm_plank1"}
{"pos":[347.321777,179.103943,30.3038807],"rotationMatrix":[-0.461784363,0.885845006,0.0451008789,-0.886459053,-0.462672591,0.0111600282,0.0307529904,-0.0348265581,0.998920083],"scale":1.05554891,"type":"farm_plank1"}
{"pos":[332.603668,250.571274,34.5809326],"rotationMatrix":[0.383041799,-0.920853436,-0.0728560761,0.923307121,0.384062469,3.7252903e-09,0.0279812813,-0.0672685355,0.997342467],"scale":1.05554891,"type":"farm_plank1"}
{"pos":[332.603668,250.571274,35.1309509],"rotationMatrix":[0.383041799,-0.920853436,-0.0728560761,0.923307121,0.384062469,3.7252903e-09,0.0279812813,-0.0672685355,0.997342467],"scale":1.05554891,"type":"farm_plank1"}
{"pos":[332.603668,250.571274,35.5072746],"rotationMatrix":[0.383041799,-0.920853436,-0.0728560761,0.923307121,0.384062469,3.7252903e-09,0.0279812813,-0.0672685355,0.997342467],"scale":1.05554891,"type":"farm_plank1"}
{"pos":[329.890411,256.551331,35.054657],"rotationMatrix":[0.438903093,-0.895575821,-0.0728560686,0.897962153,0.440072656,3.7252903e-09,0.0320619568,-0.0654219985,0.997342467],"scale":1.05554891,"type":"farm_plank1"}
{"pos":[329.890411,256.551331,35.5843391],"rotationMatrix":[0.438903093,-0.895575821,-0.0728560686,0.897962153,0.440072656,3.7252903e-09,0.0320619568,-0.0654219985,0.997342467],"scale":1.05554891,"type":"farm_plank1"}
{"pos":[329.890411,256.551331,35.9587402],"rotationMatrix":[0.438903093,-0.895575821,-0.0728560686,0.897962153,0.440072656,3.7252903e-09,0.0320619568,-0.0654219985,0.997342467],"scale":1.05554891,"type":"farm_plank1"}
{"pos":[-201.99733,-243.24823,39.1233292],"rotationMatrix":[0.88038367,-0.474065036,-0.0136714354,0.474109322,0.880465984,1.39698386e-09,0.0120372325,-0.00648175599,0.99990654],"scale":1.05024827,"type":"farm_plank1"}
{"pos":[-203.488739,-242.410324,38.7585449],"rotationMatrix":[0.797951281,-0.455182582,-0.395072937,0.495490879,0.868613124,2.23517418e-08,0.343165517,-0.195755035,0.918649793],"scale":1.11362386,"type":"farm_plank1"}
{"pos":[-203.526947,-242.414871,39.3506584],"rotationMatrix":[0.877313733,-0.4797225,-0.0136714345,0.479767323,0.877395749,1.16415322e-09,0.0119952587,-0.00655910838,0.99990654],"scale":1.05024827,"type":"farm_plank1"}
{"pos":[-306.325226,-181.111649,42.1565666],"rotationMatrix":[0.628840089,-0.777414441,-0.0136714373,0.777487159,0.628898859,1.39698386e-09,0.00859795138,-0.0106293671,0.99990654],"scale":1.05024827,"type":"farm_plank1"}
{"pos":[-306.325226,-181.111649,42.9410858],"rotationMatrix":[0.626893997,-0.778984666,-0.0136714354,0.779057503,0.626952529,1.39698386e-09,0.00857134163,-0.0106508341,0.99990654],"scale":1.05024827,"type":"farm_plank1"}
{"pos":[-318.937378,-111.865448,38.1592903],"rotationMatrix":[-0.0145487785,-0.905830383,0.423390508,0.999871016,-0.0160591602,-2.98023224e-08,0.00679937005,0.42333591,0.905947268],"scale":1.16921604,"type":"farm_plank1"}
{"pos":[-318.973602,-111.864357,38.6910782],"rotationMatrix":[-0.0287048817,-0.997451961,0.0653112233,0.999586165,-0.0287663937,-7.4505806e-09,0.00187877566,0.0652842,0.997864962],"scale":1.05024827,"type":"farm_plank1"}
{"pos":[588.86554,32.9643364,43.937542],"rotationMatrix":[0.212784111,0.814430833,-0.539838314,-0.966743708,0.255703926,0.00471526384,0.141879052,0.520881891,0.841755509],"scale":1.15967882,"type":"farm_plank1"}
{"pos":[588.874695,33.0009575,44.8917198],"rotationMatrix":[0.244211972,0.967049003,-0.071948871,-0.96946764,0.245173633,0.00471523404,0.0221998207,0.068600595,0.997397184],"scale":1.04670298,"type":"farm_plank1"}
{"pos":[585.94812,27.5954323,44.389267],"rotationMatrix":[-0.846761584,0.192480937,-0.49592936,-0.22428225,-0.974512815,0.00471527502,-0.48238194,0.11522086,0.868350089],"scale":1.14662147,"type":"farm_plank1"}
{"pos":[585.986023,27.7454567,44.3311005],"rotationMatrix":[-0.969406366,0.244831651,-0.0175788924,-0.244947135,-0.969525099,0.00471522985,-0.0158887394,0.00887687318,0.999834359],"scale":1.04670298,"type":"farm_plank1"}
{"pos":[585.94812,27.5954323,45.3441887],"rotationMatrix":[-0.969406366,0.244831651,-0.0175788924,-0.244947135,-0.969525099,0.00471522985,-0.0158887394,0.00887687318,0.999834359],"scale":1.04670298,"type":"farm_plank1"}
{"pos":[587.730103,28.6102142,44.368618],"rotationMatrix":[0.257100821,0.880600214,0.398048103,-0.960484743,0.278292596,0.00471517444,-0.106621638,-0.383531421,0.917352438],"scale":1.13944018,"type":"farm_plank1"}
{"pos":[587.616211,28.7356586,45.2436714],"rotationMatrix":[0.269898713,0.960196853,-0.0719488785,-0.962589025,0.270924449,0.00471523777,0.0240202695,0.0679845661,0.997397184],"scale":1.04670298,"type":"farm_plank1"}
{"pos":[520.112549,129.321182,34.1030884],"rotationMatrix":[0.000560998917,0.0205522776,-0.999788523,-0.999960661,-0.00883126259,-0.000742614269,-0.00884470344,0.99974972,0.0205465555],"scale":0.806431174,"type":"farm_plank1"}
{"pos":[520.119019,128.659943,34.1030884],"rotationMatrix":[0.020555377,0.020552218,-0.999577463,-0.999745905,-0.00883114338,-0.0207403898,-0.00925368071,0.99974978,0.0203654766],"scale":0.806431174,"type":"farm_plank1"}
{"pos":[514.466553,128.255875,33.6537666],"rotationMatrix":[0.923391521,0.028567588,-0.382794976,-0.0309228655,0.999521792,3.30619514e-08,0.38261193,0.0118370857,0.923833311],"scale":0.806431174,"type":"farm_plank1"}
{"pos":[514.466553,128.255875,34.2159424],"rotationMatrix":[0.997061133,0.0308467522,0.0701251552,-0.0309228785,0.999521792,-6.17001206e-09,-0.0700916126,-0.00216846541,0.997538209],"scale":0.806431174,"type":"farm_plank1"}
{"pos":[520.135742,133.6409,33.4482422],"rotationMatrix":[0.000116229057,0.997538149,0.0701251552,-0.99999994,0.000116467476,-7.4505806e-09,-8.17328691e-06,-0.0701251552,0.997538209],"scale":0.806431174,"type":"farm_plank1"}
{"pos":[520.135742,133.6409,33.7942009],"rotationMatrix":[0.000116229057,0.997538149,0.0701251552,-0.99999994,0.000116467476,-7.4505806e-09,-8.17328691e-06,-0.0701251552,0.997538209],"scale":0.806431174,"type":"farm_plank1"}
{"pos":[520.135742,133.6409,34.1164703],"rotationMatrix":[0.000116229057,0.997538149,0.0701251552,-0.99999994,0.000116467476,-7.4505806e-09,-8.17328691e-06,-0.0701251552,0.997538209],"scale":0.806431174,"type":"farm_plank1"}
{"pos":[520.135742,133.6409,34.5007057],"rotationMatrix":[0.000116229057,0.997538149,0.0701251552,-0.99999994,0.000116467476,-7.4505806e-09,-8.17328691e-06,-0.0701251552,0.997538209],"scale":0.806431174,"type":"farm_plank1"}
{"pos":[520.168091,131.498093,33.6764641],"rotationMatrix":[-0.0225729942,0.995498955,-0.0920452327,-0.999743044,-0.0226691961,7.4505806e-09,-0.0020865798,0.0920215771,0.995754838],"scale":0.806431174,"type":"farm_plank1"}
{"pos":[520.168091,131.498093,33.9995117],"rotationMatrix":[-9.41753387e-06,0.995754838,-0.0920452327,-1,-9.41753387e-06,3.7252903e-09,-8.6799264e-07,0.0920452327,0.995754838],"scale":0.806431174,"type":"farm_plank1"}
{"pos":[520.168091,131.498093,34.3713913],"rotationMatrix":[-9.41753387e-06,0.994031012,-0.10909757,-0.99999994,-9.41753387e-06,7.4505806e-09,-1.02818012e-06,0.10909757,0.994031072],"scale":0.806431174,"type":"farm_plank1"}
{"pos":[520.181641,131.498093,34.7156219],"rotationMatrix":[-0.0082732439,0.99399662,-0.109097563,-0.99996531,-0.00832295418,7.4505806e-09,-0.000908002257,0.109093785,0.994031072],"scale":0.806431174,"type":"farm_plank1"}
{"pos":[520.203003,129.432266,34.017189],"rotationMatrix":[-0.0122449398,0.997514606,-0.0693871826,-0.99992466,-0.0122745037,7.4505806e-09,-0.000851687044,0.0693819523,0.997589827],"scale":0.806431174,"type":"farm_plank1"}
{"pos":[520.174805,129.432037,34.3687515],"rotationMatrix":[-0.00794482231,0.997558177,-0.0693871826,-0.99996835,-0.00796401501,1.11758709e-08,-0.000552587211,0.0693849772,0.997589827],"scale":0.806431174,"type":"farm_plank1"}
{"pos":[520.174805,129.432037,34.7305565],"rotationMatrix":[-0.00794482231,0.997558177,-0.0693871826,-0.99996835,-0.00796401501,1.11758709e-08,-0.000552587211,0.0693849772,0.997589827],"scale":0.806431174,"type":"farm_plank1"}
{"pos":[520.174805,129.432037,35.0787048],"rotationMatrix":[-0.00794482231,0.997558177,-0.0693871826,-0.99996835,-0.00796401501,1.11758709e-08,-0.000552587211,0.0693849772,0.997589827],"scale":0.806431174,"type":"farm_plank1"}
{"pos":[592.06781,90.2895737,43.0525436],"rotationMatrix":[0.707920551,-0.703499079,0.062749289,0.706177235,0.706608653,-0.0449220054,-0.0127365943,0.0761133283,0.997017801],"scale":1.05671215,"type":"farm_plank1"}
{"pos":[589.808533,94.3060455,42.0766602],"rotationMatrix":[-0.5824157,-0.682744205,0.441194296,0.745505869,-0.664983511,-0.0449220538,0.324057221,0.302749604,0.896286547],"scale":1.07470691,"type":"farm_plank1"}
{"pos":[590.042236,92.283165,42.8304558],"rotationMatrix":[0.731550455,-0.674692094,0.0981045067,0.680526793,0.731344819,-0.044922024,-0.0414396822,0.0996254683,0.994161725],"scale":1.07470691,"type":"farm_plank1"}
{"pos":[590.108887,92.2679367,42.236702],"rotationMatrix":[0.646975398,-0.583771884,0.490543753,0.68779546,0.724513233,-0.0449220389,-0.329181224,0.366457224,0.870257914],"scale":1.12835789,"type":"farm_plank1"}
{"pos":[589.536255,-12.297863,47.6277351],"rotationMatrix":[0.323832929,0.94608444,-0.00752060115,-0.946111143,0.323842108,0,0.00243548746,0.00711532449,0.999971747],"scale":1.04670298,"type":"farm_plank1"}
{"pos":[597.580688,11.5295811,46.3509598],"rotationMatrix":[0.312623262,0.949877143,0,-0.949877143,0.312623262,0,0,0,1],"scale":1.04670298,"type":"farm_plank1"}
{"pos":[597.580688,11.5295811,46.9333572],"rotationMatrix":[0.312623262,0.949877143,0,-0.949877143,0.312623262,0,0,0,1],"scale":1.04670298,"type":"farm_plank1"}
{"pos":[598.596863,14.5648613,45.5524902],"rotationMatrix":[-0.0262658596,-0.040343523,-0.99884057,-0.943959117,0.329862118,0.0114994049,0.329015702,0.943166733,-0.0467467308],"scale":1.04670298,"type":"farm_plank1"}
{"pos":[598.745178,15.0277929,45.5228958],"rotationMatrix":[-0.0111745596,-0.0330816507,-0.999390185,-0.954218507,0.29910934,0.000768393278,0.298901498,0.953645229,-0.0349094868],"scale":1.04670298,"type":"farm_plank1"}
{"pos":[598.818054,15.2598419,45.5021782],"rotationMatrix":[0.0122718215,0.0118712187,0.999854207,0.937823236,-0.347034454,-0.00739011168,0.346896261,0.937777162,-0.0153918266],"scale":1.04670298,"type":"farm_plank1"}
{"pos":[599.310669,16.8042297,46.1584206],"rotationMatrix":[-0.253430605,-0.836276233,0.486225307,0.948411405,-0.313781619,-0.0453527123,0.190495923,0.449647844,0.872655749],"scale":1.04670298,"type":"farm_plank1"}
{"pos":[567.428528,-78.3001022,45.3281364],"rotationMatrix":[-0.230550289,-0.972696364,-0.0266128816,0.973040998,-0.230631948,7.4505806e-09,-0.00613778923,-0.0258954242,0.999645829],"scale":0.895355821,"type":"farm_plank1"}
{"pos":[567.428528,-78.3001022,45.9873352],"rotationMatrix":[-0.261060119,-0.964955688,-0.0266128816,0.96529758,-0.261152625,6.51925802e-09,-0.00695002824,-0.0256893486,0.999645829],"scale":0.895355821,"type":"farm_plank1"}
{"pos":[571.091492,-80.6742935,45.7170448],"rotationMatrix":[0.807082176,-0.227358595,0.544909537,0.299122959,0.953136206,-0.0453527123,-0.509061635,0.199598327,0.837267399],"scale":1.04670298,"type":"farm_plank1"}
{"pos":[570.594177,-80.4552689,46.2629242],"rotationMatrix":[0.950563192,-0.284318924,0.124869488,0.286561787,0.958061755,-1.11758709e-08,-0.119632684,0.0357828364,0.992173195],"scale":1.31742501,"type":"farm_plank1"}
{"pos":[376.882812,138.9991,27.7444839],"rotationMatrix":[0.668472707,-0.662200749,0.338576943,0.703766167,0.710431695,-1.2665987e-07,-0.240535706,0.238279074,0.940938711],"scale":1.01702368,"type":"farm_plank1"}
{"pos":[380.576355,135.400833,27.1617241],"rotationMatrix":[0.598872006,-0.606095374,-0.523450792,0.711332858,0.702855289,4.47034836e-08,0.367910147,-0.372347772,0.852055907],"scale":1.01702368,"type":"farm_plank1"}
{"pos":[380.740387,135.304092,27.974165],"rotationMatrix":[0.726827025,-0.683437884,-0.0680818409,0.685027301,0.728517354,5.58793545e-09,0.0495987982,-0.0466379225,0.99767971],"scale":1.01702368,"type":"farm_plank1"}
{"pos":[431.243225,-12.8005352,28.6006279],"rotationMatrix":[0.684725881,0.549058676,0.479254663,-0.625582457,0.780158043,-4.47034836e-08,-0.373894393,-0.299813271,0.877675891],"scale":1.05554891,"type":"farm_plank1"}
