{"pos":[-306.285309,-181.372955,41.665493],"rotationMatrix":[-0.611188531,0.791165531,0.0224876069,-0.791427433,-0.611240149,-0.00530474633,0.00954839587,-0.0210395083,0.999733031],"scale":1,"type":"farm_gate_wood1"}
{"pos":[370.488373,-197.406845,42.8196144],"rotationMatrix":[0.937150419,0.34133181,-0.072399646,-0.342494816,0.939511538,-0.00392240379,0.0666814595,0.0284723863,0.997367978],"scale":1,"type":"farm_gate_wood1"}
{"pos":[588.054688,30.1414127,43.8398552],"rotationMatrix":[0.265604854,0.962443948,-0.0561758205,-0.964076638,0.265346646,-0.0121432375,0.00321887992,0.0573830977,0.998347044],"scale":1,"type":"farm_gate_wood1"}
{"pos":[512.280518,128.058228,32.87854],"rotationMatrix":[0.990365565,0.0561108403,0.126600355,-0.0560669936,0.998419344,-0.00391251966,-0.126619786,-0.00322327763,0.991946101],"scale":1,"type":"farm_gate_wood1"}
{"pos":[598.615845,14.3458519,45.5767288],"rotationMatrix":[-0.323188186,-0.943068743,0.0785541981,0.945884824,-0.324479103,-0.00391251221,0.0291789584,0.0730387419,0.996902168],"scale":1,"type":"farm_gate_wood1"}
{"pos":[567.502258,-79.4767227,44.6919746],"rotationMatrix":[0.947490573,-0.310013443,0.0784426779,0.311262578,0.950315833,-0.0039224131,-0.0733293146,0.0281327181,0.99691093],"scale":1,"type":"farm_gate_wood1"}
{"pos":[378.475006,137.329895,26.9656963],"rotationMatrix":[0.718775749,-0.694751561,-0.0261081457,0.694909513,0.719086528,-0.00392240379,0.0214991122,-0.0153234703,0.999651432],"scale":1,"type":"farm_gate_wood1"}
