{"pos":[367.307037,175.872803,28.0882721],"rotationMatrix":[0.485541701,-0.871991098,-0.0622960664,0.873602808,0.486632168,-0.00270159356,0.0326710381,-0.0531102791,0.998054028],"scale":1,"type":"farm_gate_metal1"}
{"pos":[349.056641,176.27327,30.0007381],"rotationMatrix":[-0.483261943,0.874194086,0.0473585762,-0.874961793,-0.484124541,0.0080884099,0.0299982838,-0.0375281237,0.99884522],"scale":1,"type":"farm_gate_metal1"}
{"pos":[331.113037,253.551865,34.6725044],"rotationMatrix":[0.405562103,-0.911318421,-0.0708389431,0.913608432,0.40659529,-0.000180985779,0.0289677158,-0.064645648,0.997487724],"scale":1,"type":"farm_gate_metal1"}
{"pos":[368.668793,-198.297485,43.2438431],"rotationMatrix":[0.934627116,0.344098836,-0.0898229927,-0.345495433,0.938420415,9.31322575e-09,0.0842917413,0.0310334265,0.995957732],"scale":1,"type":"farm_gate_metal1"}
