{"pos":[128.675293,-393.909332,29.4656219],"rotationMatrix":[-0.853417277,0.520557225,-0.0264437683,-0.520739377,-0.853715777,2.54251063e-07,-0.02257533,0.0137705281,0.9996503],"scale":0.99999994,"type":"hr_guardrailpost"}
{"pos":[130.398529,-394.961365,29.5190926],"rotationMatrix":[-0.844573498,0.534733295,-0.0274961833,-0.534935594,-0.844892979,-4.84287739e-08,-0.0232313555,0.0147086456,0.999621928],"scale":1,"type":"hr_guardrailpost"}
{"pos":[132.104187,-396.042358,29.5747395],"rotationMatrix":[-0.835043192,0.549406588,-0.029242808,-0.549641669,-0.835400462,1.39698386e-08,-0.0244294498,0.0160730779,0.999572337],"scale":0.99999994,"type":"hr_guardrailpost"}
{"pos":[133.790863,-397.15332,29.6339645],"rotationMatrix":[-0.824860454,0.564446032,-0.0317156091,-0.564730108,-0.82527554,3.53902578e-08,-0.0261740983,0.0179107897,0.999496937],"scale":0.99999994,"type":"hr_guardrailpost"}
{"pos":[135.457382,-398.295105,29.6982574],"rotationMatrix":[-0.814040065,0.579758406,-0.0349138007,-0.5801121,-0.814536691,2.79396772e-09,-0.0284385681,0.0202539191,0.999390304],"scale":0.999999881,"type":"hr_guardrailpost"}
{"pos":[137.102264,-399.468201,29.7692394],"rotationMatrix":[-0.802725911,0.595093846,-0.0386567898,-0.595538974,-0.803326368,5.12227416e-08,-0.0310539883,0.0230216645,0.999252558],"scale":0.99999994,"type":"hr_guardrailpost"}
{"pos":[138.721619,-400.67041,29.8475437],"rotationMatrix":[-0.791010737,0.610542357,-0.0392428227,-0.611012995,-0.791620493,4.93600965e-08,-0.0310653932,0.023977913,0.999229729],"scale":0.99999994,"type":"hr_guardrailpost"}
{"pos":[140.317657,-401.904022,29.9269772],"rotationMatrix":[-0.779013753,0.625719488,-0.040160805,-0.626224697,-0.779642701,-2.42143869e-08,-0.0313110873,0.0251496695,0.999193251],"scale":0.99999994,"type":"hr_guardrailpost"}
{"pos":[141.889771,-403.16861,30.0083027],"rotationMatrix":[-0.766834021,0.640502989,-0.0414921604,-0.641055048,-0.767494917,1.86264515e-09,-0.031845022,0.026598759,0.999138832],"scale":0.99999994,"type":"hr_guardrailpost"}
{"pos":[143.437531,-404.463379,30.0923519],"rotationMatrix":[-0.754564524,0.654801607,-0.0432115011,-0.655413747,-0.755270004,1.48080289e-07,-0.0326362513,0.0283215232,0.999065936],"scale":0.99999994,"type":"hr_guardrailpost"}
{"pos":[144.960892,-405.787292,30.1799164],"rotationMatrix":[-0.742333055,0.668499589,-0.0452776738,-0.669185877,-0.74309516,2.38418579e-07,-0.0336454548,0.0302993562,0.998974442],"scale":1,"type":"hr_guardrailpost"}
{"pos":[146.459885,-407.13916,30.2716999],"rotationMatrix":[-0.7302531,0.681511521,-0.047668539,-0.682287097,-0.731084228,7.07805157e-08,-0.0348496735,0.0325236842,0.99886322],"scale":0.99999994,"type":"hr_guardrailpost"}
{"pos":[147.934433,-408.517395,30.3685989],"rotationMatrix":[-0.718490958,0.69374907,-0.0498279184,-0.694611907,-0.719384551,-7.07805157e-08,-0.0358454883,0.0346110165,0.998757839],"scale":0.99999994,"type":"hr_guardrailpost"}
{"pos":[149.384659,-409.9198,30.469698],"rotationMatrix":[-0.707105637,0.705270648,-0.0509413183,-0.706187487,-0.708024859,-3.53902578e-08,-0.0360677466,0.0359740928,0.998701632],"scale":0.99999994,"type":"hr_guardrailpost"}
{"pos":[150.811676,-411.345062,30.5729656],"rotationMatrix":[-0.696206331,0.716008604,-0.0512701422,-0.716951549,-0.69712317,-3.16649675e-08,-0.0357416198,0.0367581844,0.998684824],"scale":1,"type":"hr_guardrailpost"}
{"pos":[152.216446,-412.791687,30.6768303],"rotationMatrix":[-0.685845494,0.725965261,-0.0508958772,-0.726907372,-0.686735511,-1.71363354e-07,-0.0349521339,0.0369964726,0.998703957],"scale":0.99999994,"type":"hr_guardrailpost"}
{"pos":[153.600082,-414.258179,30.779871],"rotationMatrix":[-0.676045299,0.73516953,-0.0498839021,-0.736085892,-0.676887989,2.42143869e-08,-0.0337658003,0.0367188603,0.998755038],"scale":0.99999994,"type":"hr_guardrailpost"}
{"pos":[154.963852,-415.742828,30.8808041],"rotationMatrix":[-0.666812062,0.743658066,-0.0483163446,-0.744527578,-0.66759181,-4.84287739e-08,-0.0322556272,0.035972815,0.998832107],"scale":1,"type":"hr_guardrailpost"}
{"pos":[156.308929,-417.244507,30.9785252],"rotationMatrix":[-0.658197284,0.751422703,-0.0462629013,-0.752228081,-0.658902764,1.3038516e-07,-0.0304826535,0.0348003432,0.998929322],"scale":1,"type":"hr_guardrailpost"}
{"pos":[157.637329,-418.762634,31.0714703],"rotationMatrix":[-0.650231004,0.758410335,-0.0448692329,-0.759174943,-0.650886536,2.04890966e-07,-0.0292046256,0.0340637304,0.99899286],"scale":0.99999994,"type":"hr_guardrailpost"}
{"pos":[163.067169,-391.101685,30.7039413],"rotationMatrix":[0.753390074,-0.655916691,0.0466549546,0.656631708,0.754211426,5.86733222e-08,-0.0351877362,0.0306350775,0.998911083],"scale":1.00000012,"type":"hr_guardrailpost"}
{"pos":[408.117615,-34.014389,26.3163548],"rotationMatrix":[-0.55914402,0.826895833,-0.0600107163,-0.82838881,-0.560153604,1.95577741e-07,-0.0336150527,0.0497123152,0.998197734],"scale":0.99999994,"type":"hr_guardrailpost"}
{"pos":[409.236633,-35.6617584,26.436018],"rotationMatrix":[-0.474758029,0.87717557,-0.0718880445,-0.879451036,-0.475989461,6.33299351e-07,-0.0342173949,0.0632223114,0.997412682],"scale":0.99999994,"type":"hr_guardrailpost"}
{"pos":[410.185486,-37.408371,26.5822754],"rotationMatrix":[-0.375995278,0.922129869,-0.091126889,-0.925982594,-0.377566218,5.21540642e-07,-0.0344059505,0.0843821093,0.995839298],"scale":0.99999994,"type":"hr_guardrailpost"}
{"pos":[220.998734,-133.197266,26.3769379],"rotationMatrix":[0.870386183,0.491401792,0.0308569744,-0.491635919,0.870800853,2.00234354e-08,-0.0268702693,-0.0151704159,0.999523818],"scale":1,"type":"hr_guardrailpost"}
{"pos":[219.231873,-134.194336,26.3143387],"rotationMatrix":[0.861890674,0.506288707,0.0285699461,-0.506495416,0.862242639,1.09896064e-07,-0.0246341694,-0.0144706415,0.999591768],"scale":1,"type":"hr_guardrailpost"}
{"pos":[217.482407,-135.221863,26.2563362],"rotationMatrix":[0.853238285,0.520890951,0.0256335549,-0.521062136,0.853518724,3.77185643e-08,-0.0218787007,-0.013356708,0.9996714],"scale":1,"type":"hr_guardrailpost"}
{"pos":[215.750748,-136.279037,26.204258],"rotationMatrix":[0.844984472,0.534339666,0.0219633505,-0.534468651,0.84518832,-7.86967576e-08,-0.018563211,-0.0117386561,0.99975878],"scale":0.99999994,"type":"hr_guardrailpost"}
{"pos":[214.036789,-137.363052,26.1598969],"rotationMatrix":[0.837722778,0.545728028,0.0200356077,-0.545837581,0.837890983,-7.07805157e-08,-0.0167876948,-0.0109361289,0.999799252],"scale":1,"type":"hr_guardrailpost"}
{"pos":[212.338852,-138.469833,26.1192951],"rotationMatrix":[0.832401693,0.5538764,0.0181184299,-0.553967357,0.832538366,5.96046448e-08,-0.0150842555,-0.0100370692,0.999835849],"scale":1,"type":"hr_guardrailpost"}
{"pos":[210.653152,-139.592438,26.0825863],"rotationMatrix":[0.829647899,0.55805403,0.016127063,-0.558126628,0.829755783,-3.63215804e-08,-0.0133815445,-0.00900091231,0.999869943],"scale":0.999999881,"type":"hr_guardrailpost"}
{"pos":[208.974762,-140.722534,26.0499268],"rotationMatrix":[0.830263197,0.557191908,0.0141463652,-0.557247698,0.830346286,2.23517418e-08,-0.0117463693,-0.00788304769,0.999899924],"scale":0.99999994,"type":"hr_guardrailpost"}
{"pos":[207.308151,-141.8535,26.02174],"rotationMatrix":[0.846421957,0.532336175,0.0137137976,-0.532386243,0.846501589,-4.40049917e-08,-0.0116087738,-0.00730099995,0.999905944],"scale":1,"type":"hr_guardrailpost"}
{"pos":[205.623779,-142.928009,25.9941025],"rotationMatrix":[0.887506783,0.460571945,0.0143245198,-0.460619211,0.887597859,-1.08731911e-07,-0.0127144624,-0.00659805164,0.99989742],"scale":0.99999994,"type":"hr_guardrailpost"}
{"pos":[203.875336,-143.855377,25.9652138],"rotationMatrix":[0.946237147,0.32310164,0.0155114671,-0.323140502,0.946350992,-1.68336555e-07,-0.0146793472,-0.00501222443,0.999879718],"scale":1,"type":"hr_guardrailpost"}
{"pos":[202.019287,-144.503052,25.9338036],"rotationMatrix":[0.991344571,0.130205348,0.0168097485,-0.130223736,0.991484642,-1.02329068e-07,-0.0166666191,-0.00218892703,0.999858677],"scale":1,"type":"hr_guardrailpost"}
{"pos":[200.066742,-144.760483,25.9017029],"rotationMatrix":[0.99852711,-0.0528007373,0.0124778543,0.05280485,0.998604834,-6.9179805e-08,-0.0124604423,0.000658960314,0.999922156],"scale":1,"type":"hr_guardrailpost"}
{"pos":[198.087997,-144.651871,25.8781796],"rotationMatrix":[0.982934296,-0.182694241,0.0215167794,0.182736561,0.983161926,-8.30972567e-07,-0.0211543273,0.00393271912,0.999768496],"scale":1,"type":"hr_guardrailpost"}
{"pos":[196.127945,-144.28418,25.8352699],"rotationMatrix":[0.963430882,-0.26557219,0.0356698483,0.265741348,0.964044392,-8.98260623e-07,-0.0343870744,0.009479817,0.999363601],"scale":0.99999994,"type":"hr_guardrailpost"}
{"pos":[194.197906,-143.75,25.7633324],"rotationMatrix":[0.946712077,-0.318138391,0.0502419658,0.318540722,0.947909176,-3.12924385e-07,-0.0476247184,0.0160044078,0.998737097],"scale":1,"type":"hr_guardrailpost"}
{"pos":[192.295593,-143.109467,25.661787],"rotationMatrix":[0.933609962,-0.352579385,0.0637197196,0.353297323,0.935511112,1.10827386e-07,-0.0596105419,0.0225119032,0.997967839],"scale":1.00000012,"type":"hr_guardrailpost"}
{"pos":[100.185463,-80.60849,23.9060287],"rotationMatrix":[-0.997860909,0.057973776,0.0302119423,-0.0580002405,-0.998316646,2.94763595e-07,0.0301610995,-0.00175200577,0.999543488],"scale":0.99999994,"type":"hr_guardrailpost"}
{"pos":[98.1596375,-80.4908142,23.9675331],"rotationMatrix":[-0.997858047,0.0579662137,0.030319076,-0.0579928644,-0.998317003,2.16648914e-07,0.0302680619,-0.00175807392,0.999540269],"scale":1,"type":"hr_guardrailpost"}
{"pos":[96.1340561,-80.3731689,24.0294991],"rotationMatrix":[-0.997849464,0.0579661839,0.0306033213,-0.0579933338,-0.998317122,3.43599822e-07,0.030551834,-0.00177444564,0.999531627],"scale":1,"type":"hr_guardrailpost"}
{"pos":[94.1087875,-80.2556,24.0726452],"rotationMatrix":[-0.998095036,0.0579565689,0.0211562552,-0.0579695404,-0.998318434,5.16301952e-08,0.0211206824,-0.00122636673,0.999776185],"scale":0.99999994,"type":"hr_guardrailpost"}
{"pos":[92.0820084,-80.1379089,24.1266861],"rotationMatrix":[-0.997956395,0.0579595119,0.0268991999,-0.0579804778,-0.998317599,5.16767614e-07,0.0268539786,-0.00155911292,0.99963814],"scale":1,"type":"hr_guardrailpost"}
{"pos":[90.0560379,-80.0202484,24.1853962],"rotationMatrix":[-0.99789381,0.0579541996,0.0291453544,-0.0579788238,-0.998317957,3.23343556e-07,0.0290963445,-0.00168949063,0.999575198],"scale":1,"type":"hr_guardrailpost"}
{"pos":[88.0301514,-79.9025879,24.2469425],"rotationMatrix":[-0.997853994,0.057951659,0.0304755569,-0.0579785854,-0.998317719,1.46043021e-07,0.0304243006,-0.00176678412,0.999535501],"scale":0.99999994,"type":"hr_guardrailpost"}
{"pos":[86.004364,-79.7848511,24.3104134],"rotationMatrix":[-0.997823,0.0580123924,0.0313621499,-0.058040943,-0.998314142,1.0849908e-07,0.031309288,-0.00182018068,0.999508083],"scale":1,"type":"hr_guardrailpost"}
{"pos":[83.9769669,-79.6404266,24.3635941],"rotationMatrix":[-0.996853352,0.0753891021,0.024489712,-0.0754117072,-0.997152328,5.21889888e-07,0.0244200155,-0.00184629089,0.999700069],"scale":0.99999994,"type":"hr_guardrailpost"}
{"pos":[81.9519424,-79.4491272,24.4007683],"rotationMatrix":[-0.995076656,0.0975735337,0.0173639357,-0.0975882411,-0.995226741,3.12342308e-07,0.0172810853,-0.00169420522,0.99984926],"scale":0.999999881,"type":"hr_guardrailpost"}
{"pos":[79.9311371,-79.2114105,24.4267998],"rotationMatrix":[-0.99264276,0.120463215,0.012194505,-0.12047217,-0.992716551,1.74914021e-07,0.0121057089,-0.00146892481,0.999925673],"scale":1,"type":"hr_guardrailpost"}
{"pos":[77.9161224,-78.9257812,24.4460449],"rotationMatrix":[-0.989522576,0.144083649,0.00921801385,-0.144089758,-0.989564657,1.95053872e-07,0.0091218492,-0.00132802851,0.999957502],"scale":1,"type":"hr_guardrailpost"}
{"pos":[75.9081268,-78.5907135,24.4633904],"rotationMatrix":[-0.985675097,0.168430969,0.00868078228,-0.168437317,-0.98571229,-2.10129656e-08,0.0085567506,-0.00146218855,0.99996233],"scale":1,"type":"hr_guardrailpost"}
{"pos":[73.9087982,-78.2047882,24.4842434],"rotationMatrix":[-0.981035471,0.19352378,0.0108541185,-0.193535194,-0.981093168,-2.35973857e-07,0.0106488569,-0.00210088538,0.999941111],"scale":1.00000012,"type":"hr_guardrailpost"}
{"pos":[71.9198456,-77.7663879,24.5146065],"rotationMatrix":[-0.975521207,0.219319835,0.0160297826,-0.219348028,-0.975646615,-3.87779437e-07,0.01563932,-0.0035164794,0.999871492],"scale":1,"type":"hr_guardrailpost"}
{"pos":[69.9437408,-77.2741852,24.5554733],"rotationMatrix":[-0.969112158,0.24587363,0.0191727132,-0.24591881,-0.969290257,5.49480319e-07,0.0185840614,-0.00471439864,0.999816179],"scale":1,"type":"hr_guardrailpost"}
{"pos":[67.9828033,-76.7269135,24.5856781],"rotationMatrix":[-0.961873174,0.273121536,0.0143005615,-0.27314949,-0.961971641,4.62052412e-07,0.013756861,-0.00390574662,0.999897718],"scale":1.00000012,"type":"hr_guardrailpost"}
{"pos":[66.038063,-76.1227722,24.6098423],"rotationMatrix":[-0.953538299,0.301043957,0.011707427,-0.301064581,-0.953603745,6.00703061e-08,0.0111642648,-0.00352463429,0.999931455],"scale":0.999999881,"type":"hr_guardrailpost"}
{"pos":[36.5742493,-0.835868835,25.1059036],"rotationMatrix":[0.523459733,0.851931214,-0.0142518608,-0.85201776,0.5235129,-3.93949449e-07,0.00746069755,0.0121430447,0.999898434],"scale":1,"type":"hr_guardrailpost"}
{"pos":[37.7018738,0.864295959,25.0871086],"rotationMatrix":[0.558161616,0.829667807,-0.0103402501,-0.829712152,0.558191538,3.7625432e-07,0.00577215198,0.00857922062,0.999946535],"scale":1.00000024,"type":"hr_guardrailpost"}
{"pos":[38.8978577,2.51515198,25.052063],"rotationMatrix":[0.591871619,0.805826485,-0.0182129554,-0.805960119,0.591969848,2.89175659e-07,0.0107817538,0.0146787446,0.99983412],"scale":1.00000012,"type":"hr_guardrailpost"}
{"pos":[40.1609802,4.11530685,25.0067825],"rotationMatrix":[0.624580145,0.780629516,-0.0227445625,-0.780831456,0.624741793,1.41561031e-07,0.0142095899,0.017759582,0.999741316],"scale":1,"type":"hr_guardrailpost"}
{"pos":[41.4893036,5.66226959,24.9578648],"rotationMatrix":[0.656240404,0.754169166,-0.0240308661,-0.754386961,0.656429946,4.84287739e-08,0.015774617,0.0181285404,0.999711215],"scale":1.00000012,"type":"hr_guardrailpost"}
{"pos":[42.8805847,7.15359497,24.9117165],"rotationMatrix":[0.68674767,0.726557314,-0.0221843142,-0.726736128,0.686916709,6.51925802e-08,0.0152388234,0.016122099,0.999753892],"scale":0.99999994,"type":"hr_guardrailpost"}
{"pos":[44.3322296,8.58693695,24.8742027],"rotationMatrix":[0.716021776,0.697853744,-0.0176928714,-0.69796294,0.716133833,1.02445483e-07,0.0126705356,0.0123488959,0.999843478],"scale":1,"type":"hr_guardrailpost"}
{"pos":[45.8397675,9.95850372,24.8265915],"rotationMatrix":[0.743782341,0.667972505,-0.0245073009,-0.668173134,0.744005799,4.09781933e-07,0.0182338487,0.0163748153,0.999699652],"scale":1.00000024,"type":"hr_guardrailpost"}
{"pos":[47.4017639,11.2678833,24.7693939],"rotationMatrix":[0.77018249,0.637184978,-0.0285355821,-0.637444496,0.770496249,2.27242708e-07,0.0219867043,0.0181896761,0.999592781],"scale":1,"type":"hr_guardrailpost"}
{"pos":[49.0156555,12.5134048,24.7095299],"rotationMatrix":[0.795182943,0.60565865,-0.0293551423,-0.605919719,0.795525789,1.29453838e-07,0.0233528502,0.0177867599,0.999569058],"scale":0.99999994,"type":"hr_guardrailpost"}
{"pos":[50.6781006,13.6937103,24.6532097],"rotationMatrix":[0.818740427,0.573521614,-0.0271491408,-0.573733091,0.819042325,-1.42958015e-07,0.0222362131,0.0155764762,0.999631405],"scale":1,"type":"hr_guardrailpost"}
{"pos":[52.3863525,14.8078918,24.6062393],"rotationMatrix":[0.840800107,0.54089427,-0.022102654,-0.541026473,0.841005564,-1.83004886e-07,0.0185883567,0.011958275,0.999755681],"scale":1,"type":"hr_guardrailpost"}
{"pos":[54.1362,15.8542175,24.5648384],"rotationMatrix":[0.861176133,0.507820308,-0.0222310089,-0.507945836,0.861389041,3.53902578e-07,0.0191497244,0.0112918438,0.999752879],"scale":1.00000012,"type":"hr_guardrailpost"}
{"pos":[55.9238434,16.8320618,24.5094795],"rotationMatrix":[0.879867971,0.474399656,-0.0278802738,-0.474584132,0.880210161,4.56348062e-07,0.0245407149,0.0132311331,0.999611259],"scale":1.00000012,"type":"hr_guardrailpost"}
{"pos":[57.7472534,17.741745,24.4481468],"rotationMatrix":[0.897049427,0.440887511,-0.0303400718,-0.441090584,0.897462606,9.406358e-08,0.0272291228,0.0133826351,0.999539614],"scale":1,"type":"hr_guardrailpost"}
{"pos":[59.6033783,18.583252,24.3869171],"rotationMatrix":[0.912755072,0.407415867,-0.0298409183,-0.407597363,0.913161755,-4.19095159e-08,0.0272495691,0.0121631185,0.999554634],"scale":0.999999881,"type":"hr_guardrailpost"}
{"pos":[61.48909,19.356781,24.3314209],"rotationMatrix":[0.927006006,0.37410146,-0.0266080163,-0.374233961,0.927334309,-4.20026481e-07,0.0246743709,0.00995801296,0.999645948],"scale":0.99999994,"type":"hr_guardrailpost"}
{"pos":[63.4015656,20.062912,24.2867813],"rotationMatrix":[0.939813554,0.341049075,-0.020880146,-0.341123462,0.940018535,-3.48081812e-07,0.0196276065,0.00712303445,0.999781966],"scale":1,"type":"hr_guardrailpost"}
{"pos":[65.3369446,20.7019501,24.2500229],"rotationMatrix":[0.951099217,0.308310062,-0.0188466944,-0.308364838,0.951268196,9.22009349e-08,0.0179282874,0.00581156975,0.999822378],"scale":1.00000012,"type":"hr_guardrailpost"}
{"pos":[67.2921143,21.2747345,24.2090378],"rotationMatrix":[0.960946977,0.275977314,-0.0204318222,-0.276034951,0.961147606,1.61118805e-07,0.019638041,0.00563974213,0.999791265],"scale":0.99999994,"type":"hr_guardrailpost"}
{"pos":[69.2649689,21.7824249,24.16502],"rotationMatrix":[0.969483078,0.24417755,-0.0219054669,-0.244236141,0.969715774,3.58559191e-08,0.0212420858,0.0053500724,0.999760032],"scale":0.99999994,"type":"hr_guardrailpost"}
{"pos":[71.2529373,22.2263489,24.1181908],"rotationMatrix":[0.976779044,0.212981135,-0.0232760478,-0.213038862,0.977043748,1.32946298e-07,0.0227417443,0.0049585728,0.999729097],"scale":0.999999881,"type":"hr_guardrailpost"}
{"pos":[73.2534714,22.6078033,24.0687523],"rotationMatrix":[0.98290956,0.182445735,-0.024543792,-0.18250072,0.983205736,5.47152013e-08,0.0241316073,0.00447920617,0.999698758],"scale":0.99999994,"type":"hr_guardrailpost"}
{"pos":[75.2644653,22.9282837,24.0169067],"rotationMatrix":[0.987948775,0.152629942,-0.0257171895,-0.152680427,0.988275588,-7.10133463e-08,0.0254156608,0.0039265817,0.999669254],"scale":1,"type":"hr_guardrailpost"}
{"pos":[77.2823334,23.192627,23.963131],"rotationMatrix":[0.991457522,0.127718762,-0.0264566019,-0.127763495,0.991804659,-8.20728019e-08,0.0262397714,0.00338026928,0.999649942],"scale":1.00000012,"type":"hr_guardrailpost"}
{"pos":[79.2952576,23.4519653,23.9113579],"rotationMatrix":[0.991485596,0.127722397,-0.0253644232,-0.127763495,0.991804659,-9.42964107e-09,0.025156552,0.00324065704,0.999678254],"scale":0.99999994,"type":"hr_guardrailpost"}
{"pos":[81.3080902,23.7112427,23.8611336],"rotationMatrix":[0.991503239,0.127723455,-0.0246597007,-0.127762318,0.991804838,-4.61004674e-08,0.0244576037,0.00315062609,0.999695897],"scale":0.99999994,"type":"hr_guardrailpost"}
{"pos":[83.3209686,23.9705505,23.8117104],"rotationMatrix":[0.991511464,0.127724037,-0.0243226811,-0.127761826,0.991804898,-5.27361408e-08,0.0241233483,0.0031075622,0.999704182],"scale":1.00000012,"type":"hr_guardrailpost"}
{"pos":[85.3338013,24.2298431,23.7623672],"rotationMatrix":[0.99151063,0.127728,-0.0243364014,-0.127765849,0.991804361,-1.05937943e-08,0.0241369493,0.00310937176,0.999703825],"scale":0.99999994,"type":"hr_guardrailpost"}
{"pos":[87.3464966,24.4891052,23.7129364],"rotationMatrix":[0.991512001,0.12772651,-0.0242880881,-0.12776421,0.9918046,7.83475116e-08,0.0240890458,0.00310307043,0.999705017],"scale":1,"type":"hr_guardrailpost"}
{"pos":[89.3593445,24.7483826,23.6638184],"rotationMatrix":[0.99151504,0.127719462,-0.0241994951,-0.127756864,0.991805494,4.87780198e-08,0.0240011979,0.00309160352,0.999707162],"scale":1,"type":"hr_guardrailpost"}
{"pos":[91.3721466,25.0076752,23.6145191],"rotationMatrix":[0.991511226,0.127726406,-0.0243205167,-0.127764195,0.9918046,4.84287739e-08,0.0241212063,0.00310724322,0.999704242],"scale":0.99999994,"type":"hr_guardrailpost"}
{"pos":[93.3848495,25.2669678,23.5646362],"rotationMatrix":[0.991503119,0.127727285,-0.0246438626,-0.127766088,0.991804302,1.24215148e-07,0.0244419072,0.00314852688,0.999696314],"scale":1,"type":"hr_guardrailpost"}
{"pos":[95.3976288,25.5262451,23.513752],"rotationMatrix":[0.991489708,0.12773037,-0.0251621306,-0.127770811,0.991803706,7.20610842e-08,0.0249559022,0.00321491435,0.99968338],"scale":1,"type":"hr_guardrailpost"}
{"pos":[97.410347,25.7855377,23.4623642],"rotationMatrix":[0.991487741,0.127724811,-0.025267465,-0.127765611,0.991804361,2.16532499e-07,0.0250604097,0.00322809839,0.999680698],"scale":1,"type":"hr_guardrailpost"}
{"pos":[99.423111,26.0448303,23.4118252],"rotationMatrix":[0.991499722,0.127728775,-0.024772644,-0.127767995,0.991804063,2.15601176e-07,0.0245696381,0.00316493702,0.999693096],"scale":0.99999994,"type":"hr_guardrailpost"}
{"pos":[101.43605,26.3041229,23.3632259],"rotationMatrix":[0.991525114,0.127729163,-0.023730943,-0.127765134,0.991804481,3.22470441e-08,0.0235364605,0.0030319551,0.999718368],"scale":0.99999994,"type":"hr_guardrailpost"}
{"pos":[103.449219,26.5634613,23.3176441],"rotationMatrix":[0.991560936,0.127733529,-0.0221606791,-0.12776491,0.991804481,-3.06172296e-08,0.0219790563,0.0028313878,0.999754429],"scale":1,"type":"hr_guardrailpost"}
{"pos":[105.462418,26.8228149,23.2760277],"rotationMatrix":[0.991600394,0.127749443,-0.0202175416,-0.12777555,0.99180311,1.30617991e-07,0.020051837,0.00258317776,0.999795616],"scale":1,"type":"hr_guardrailpost"}
{"pos":[107.475327,27.0821075,23.2341309],"rotationMatrix":[0.991592526,0.127736643,-0.0206801333,-0.127763972,0.9918046,8.35862011e-08,0.0205106623,0.00264209276,0.999786139],"scale":0.99999994,"type":"hr_guardrailpost"}
{"pos":[109.488327,27.3414307,23.192194],"rotationMatrix":[0.991594493,0.127734736,-0.0205951389,-0.127761826,0.991804898,-2.88709998e-08,0.0204263572,0.00263130129,0.999787927],"scale":0.999999881,"type":"hr_guardrailpost"}
{"pos":[111.501373,27.600769,23.1514072],"rotationMatrix":[0.991607726,0.127735958,-0.0199418422,-0.127761379,0.991804957,-7.10133463e-09,0.0197784174,0.0025478038,0.999801159],"scale":0.99999994,"type":"hr_guardrailpost"}
{"pos":[113.514618,27.8600922,23.112896],"rotationMatrix":[0.991630495,0.127742022,-0.018732179,-0.127764434,0.99180454,1.29453838e-07,0.0185786784,0.00239317818,0.999824524],"scale":0.99999994,"type":"hr_guardrailpost"}
{"pos":[115.527878,28.1194153,23.077446],"rotationMatrix":[0.991656244,0.127733558,-0.017380584,-0.127752841,0.99180603,1.08382665e-07,0.0172381811,0.00222031167,0.999848962],"scale":1,"type":"hr_guardrailpost"}
{"pos":[117.540764,28.3787384,23.0397205],"rotationMatrix":[0.991630971,0.127740622,-0.0187161379,-0.127763003,0.991804719,1.01863407e-07,0.0185627677,0.00239112927,0.999824822],"scale":0.999999881,"type":"hr_guardrailpost"}
{"pos":[119.55365,28.6380157,23.0009499],"rotationMatrix":[0.991624534,0.127738357,-0.0190697126,-0.127761602,0.991804898,8.98726285e-08,0.0189134479,0.0024362877,0.999818146],"scale":1,"type":"hr_guardrailpost"}
{"pos":[121.566963,28.8973846,22.9631538],"rotationMatrix":[0.991635799,0.127744362,-0.0184354577,-0.127766088,0.991804302,7.20610842e-08,0.0182843748,0.00235535484,0.999830067],"scale":1,"type":"hr_guardrailpost"}
{"pos":[123.580299,29.1567383,22.9283028],"rotationMatrix":[0.991664231,0.127744675,-0.0168327149,-0.127762765,0.991804779,1.89756975e-08,0.0166947674,0.00215057563,0.99985832],"scale":1.00000012,"type":"hr_guardrailpost"}
{"pos":[125.593781,29.4161224,22.8982124],"rotationMatrix":[0.991701603,0.12774612,-0.0144518958,-0.127759472,0.991805196,-1.88592821e-08,0.0143334633,0.0018463853,0.999895573],"scale":1,"type":"hr_guardrailpost"}
{"pos":[127.607086,29.6754456,22.8704643],"rotationMatrix":[0.991714358,0.127748504,-0.0135244224,-0.127760187,0.991805077,1.26543455e-07,0.0134136081,0.00172775728,0.999908566],"scale":1,"type":"hr_guardrailpost"}
{"pos":[129.620438,29.9348145,22.8445702],"rotationMatrix":[0.991726041,0.127751201,-0.0126118138,-0.127761364,0.991804957,2.1251617e-07,0.0125084873,0.00161109166,0.999920487],"scale":1,"type":"hr_guardrailpost"}
{"pos":[131.63382,30.1941681,22.8205185],"rotationMatrix":[0.991737068,0.12775214,-0.0117060943,-0.127760902,0.991805017,1.25728548e-08,0.0116101643,0.00149556855,0.999931455],"scale":1,"type":"hr_guardrailpost"}
{"pos":[133.647156,30.453537,22.7982826],"rotationMatrix":[0.991746485,0.12775746,-0.0108114909,-0.12776491,0.991804481,2.135057e-07,0.0107229128,0.0013811175,0.999941528],"scale":0.99999994,"type":"hr_guardrailpost"}
{"pos":[135.660583,30.7128906,22.7778778],"rotationMatrix":[0.991755605,0.127760544,-0.00990457181,-0.127766803,0.991804242,1.16997398e-07,0.00982341077,0.00126535934,0.999950945],"scale":0.99999994,"type":"hr_guardrailpost"}
{"pos":[137.674026,30.9723053,22.7594948],"rotationMatrix":[0.991765141,0.127759367,-0.00891422294,-0.127764434,0.99180454,1.80676579e-07,0.00884119049,0.0011387415,0.999960244],"scale":0.99999994,"type":"hr_guardrailpost"}
{"pos":[139.687469,31.2316437,22.7427711],"rotationMatrix":[0.991772056,0.127757609,-0.00813349057,-0.127761841,0.991804898,-3.39350663e-08,0.00806683209,0.00103918347,0.999966919],"scale":1,"type":"hr_guardrailpost"}
{"pos":[141.700897,31.4910126,22.7272396],"rotationMatrix":[0.991776466,0.12775746,-0.00758259464,-0.127761126,0.991804957,1.86730176e-07,0.00752047915,0.000968575594,0.999971271],"scale":1.00000012,"type":"hr_guardrailpost"}
{"pos":[143.714218,31.750351,22.7124481],"rotationMatrix":[0.991778433,0.127761304,-0.00725486781,-0.127764672,0.99180454,2.10682629e-07,0.00719543733,0.000926706824,0.999973655],"scale":0.999999881,"type":"hr_guardrailpost"}
{"pos":[145.727585,32.0097351,22.6979408],"rotationMatrix":[0.991778374,0.127767801,-0.0071446388,-0.12777105,0.991803706,2.57859938e-07,0.0070861117,0.000912622316,0.999974489],"scale":1,"type":"hr_guardrailpost"}
{"pos":[147.741119,32.2691345,22.6857147],"rotationMatrix":[0.991787791,0.127765402,-0.00573838176,-0.127767518,0.991804123,7.91042112e-08,0.00569136115,0.000733100285,0.999983549],"scale":1,"type":"hr_guardrailpost"}
{"pos":[149.7547,32.5284882,22.6770363],"rotationMatrix":[0.991796851,0.127762005,-0.0039790757,-0.127763018,0.991804719,1.05530489e-07,0.00394647941,0.000508274068,0.999992073],"scale":1,"type":"hr_guardrailpost"}
{"pos":[151.768387,32.7879181,22.6723614],"rotationMatrix":[0.991803348,0.127758756,-0.0019673768,-0.127758995,0.991805255,8.55361577e-08,0.0019512655,0.000251265243,0.999998093],"scale":0.99999994,"type":"hr_guardrailpost"}
{"pos":[153.782059,33.0473022,22.6722145],"rotationMatrix":[0.991804957,0.127760887,0.000304387533,-0.127760887,0.991805017,-1.36420567e-07,-0.000301910506,-3.87535183e-05,0.99999994],"scale":1,"type":"hr_guardrailpost"}
{"pos":[155.795746,33.3067017,22.677124],"rotationMatrix":[0.991800964,0.127760842,0.00283426885,-0.127761349,0.991804957,1.02430931e-07,-0.00281102862,-0.000362211664,0.999996006],"scale":1.00000012,"type":"hr_guardrailpost"}
{"pos":[157.809082,33.5660706,22.6830311],"rotationMatrix":[0.991801441,0.127759695,0.00271695107,-0.127760172,0.991805077,1.96290785e-07,-0.0026946608,-0.000347312831,0.999996305],"scale":1.00000012,"type":"hr_guardrailpost"}
{"pos":[159.822525,33.8254242,22.6884766],"rotationMatrix":[0.991800904,0.127763018,0.00274688751,-0.127763495,0.991804659,8.7544322e-08,-0.00272436487,-0.000351038791,0.999996245],"scale":1.00000012,"type":"hr_guardrailpost"}
{"pos":[161.835968,34.0847931,22.6952248],"rotationMatrix":[0.99179852,0.12776342,0.00350067043,-0.127764195,0.9918046,1.34517904e-07,-0.00347196381,-0.000447393744,0.999993861],"scale":1,"type":"hr_guardrailpost"}
{"pos":[163.849579,34.3441772,22.7047501],"rotationMatrix":[0.991792619,0.12775977,0.00498461584,-0.127761349,0.991804957,1.05676008e-07,-0.00494375313,-0.000636946061,0.999987602],"scale":0.99999994,"type":"hr_guardrailpost"}
{"pos":[165.86322,34.6035919,22.7185516],"rotationMatrix":[0.991778731,0.127761364,0.00720711239,-0.127764672,0.99180454,-1.29512046e-08,-0.00714804791,-0.00092080154,0.999974012],"scale":0.999999881,"type":"hr_guardrailpost"}
{"pos":[167.876755,34.8629456,22.7360687],"rotationMatrix":[0.991766691,0.127758831,0.00874953344,-0.127763718,0.991804659,4.58094291e-08,-0.00867782161,-0.00111791841,0.999961734],"scale":1,"type":"hr_guardrailpost"}
{"pos":[169.890152,35.1223297,22.7560368],"rotationMatrix":[0.991754472,0.12775822,0.0100429272,-0.127764657,0.99180454,-6.4552296e-08,-0.00996062811,-0.00128306728,0.999949574],"scale":1.00000012,"type":"hr_guardrailpost"}
{"pos":[171.903534,35.3816986,22.7787514],"rotationMatrix":[0.991740346,0.127753764,0.011404735,-0.127762079,0.991804838,1.0128133e-07,-0.0113112582,-0.00145719294,0.999934971],"scale":1,"type":"hr_guardrailpost"}
{"pos":[173.916962,35.6410522,22.8043594],"rotationMatrix":[0.991723001,0.127751768,0.0128445541,-0.127762318,0.991804838,-2.3690518e-08,-0.0127392942,-0.00164102647,0.999917507],"scale":0.99999994,"type":"hr_guardrailpost"}
{"pos":[175.930374,35.9004211,22.833025],"rotationMatrix":[0.991702795,0.127747253,0.0143620344,-0.127760425,0.991805077,1.63679942e-07,-0.0142443171,-0.00183506182,0.999896884],"scale":0.999999881,"type":"hr_guardrailpost"}
{"pos":[177.943588,36.1597595,22.8636303],"rotationMatrix":[0.991691351,0.127750337,0.0151038487,-0.12776491,0.991804481,9.95351002e-08,-0.0149800517,-0.00192984042,0.999885917],"scale":0.999999881,"type":"hr_guardrailpost"}
{"pos":[179.956863,36.4191284,22.8952198],"rotationMatrix":[0.991682887,0.127750203,0.0156518165,-0.127765849,0.991804361,7.59027898e-08,-0.0155235305,-0.00199984293,0.999877512],"scale":1,"type":"hr_guardrailpost"}
{"pos":[181.970047,36.6784515,22.9280396],"rotationMatrix":[0.991673052,0.12774989,0.01626537,-0.127766788,0.991804242,1.11758709e-07,-0.0161320493,-0.00207828521,0.999867737],"scale":0.99999994,"type":"hr_guardrailpost"}
{"pos":[183.9832,36.9377899,22.9622097],"rotationMatrix":[0.991662085,0.127746552,0.0169461779,-0.12776491,0.991804481,3.85334715e-08,-0.0168072917,-0.00216516526,0.999856412],"scale":1,"type":"hr_guardrailpost"}
{"pos":[185.996399,37.1971283,22.997879],"rotationMatrix":[0.991649747,0.127740651,0.0176943932,-0.127760649,0.991805017,1.37020834e-07,-0.0175493713,-0.00226078322,0.999843419],"scale":0.99999994,"type":"hr_guardrailpost"}
{"pos":[188.009384,37.4564514,23.0318451],"rotationMatrix":[0.991671205,0.127747267,0.0163962301,-0.127764434,0.99180454,-2.87545845e-08,-0.0162618589,-0.00209482666,0.999865592],"scale":0.999999881,"type":"hr_guardrailpost"}
{"pos":[190.022461,37.7157593,23.0634003],"rotationMatrix":[0.991685331,0.127752692,0.0154759251,-0.12776798,0.991804063,-1.6996637e-08,-0.0153490882,-0.00197731098,0.999880254],"scale":1.00000012,"type":"hr_guardrailpost"}
{"pos":[192.035568,37.9750824,23.0946007],"rotationMatrix":[0.991685808,0.12775299,0.0154407118,-0.127768219,0.991804063,4.3772161e-08,-0.0153141543,-0.00197287579,0.999880791],"scale":0.99999994,"type":"hr_guardrailpost"}
{"pos":[194.048813,38.2344818,23.1273003],"rotationMatrix":[0.991672456,0.127747178,0.0163228419,-0.127764195,0.9918046,3.7252903e-08,-0.016189063,-0.00208551134,0.999866784],"scale":1,"type":"hr_guardrailpost"}
{"pos":[196.062012,38.4938049,23.1633148],"rotationMatrix":[0.991643548,0.127741545,0.0180322696,-0.127762318,0.991804838,1.139706e-07,-0.0178844761,-0.00230395747,0.999837399],"scale":1,"type":"hr_guardrailpost"}
{"pos":[198.074997,38.7530975,23.1980972],"rotationMatrix":[0.991661072,0.127744511,0.0170208979,-0.127763018,0.991804719,2.01864168e-07,-0.0168813821,-0.00217484171,0.999855161],"scale":1,"type":"hr_guardrailpost"}
{"pos":[200.08812,39.0124207,23.2326984],"rotationMatrix":[0.991658092,0.127745807,0.0171821974,-0.127764672,0.99180454,-2.22353265e-08,-0.0170413852,-0.00219525583,0.999852359],"scale":1,"type":"hr_guardrailpost"}
{"pos":[202.101379,39.2717896,23.2699528],"rotationMatrix":[0.991630793,0.127744198,0.0187041536,-0.12776655,0.991804242,6.75208867e-09,-0.0185508579,-0.00238977186,0.99982506],"scale":1,"type":"hr_guardrailpost"}
{"pos":[204.1147,39.5311279,23.3127041],"rotationMatrix":[0.991572022,0.127736643,0.0216395203,-0.127766564,0.991804242,4.59840521e-08,-0.021462163,-0.00276485272,0.999765813],"scale":0.999999881,"type":"hr_guardrailpost"}
{"pos":[206.127823,39.7904968,23.3621502],"rotationMatrix":[0.991512895,0.127728075,0.0242418274,-0.127765626,0.991804361,2.16066837e-07,-0.0240431242,-0.00309748645,0.999706149],"scale":1,"type":"hr_guardrailpost"}
{"pos":[208.140594,40.0497742,23.4097824],"rotationMatrix":[0.991532564,0.127731323,0.0234069601,-0.127766341,0.991804302,1.35391019e-07,-0.0232151076,-0.00299075572,0.999725997],"scale":1,"type":"hr_guardrailpost"}
{"pos":[210.153427,40.309082,23.4572411],"rotationMatrix":[0.991530895,0.127734005,0.0234628655,-0.127769172,0.991803944,6.35627657e-08,-0.0232705548,-0.00299789384,0.999724686],"scale":0.99999994,"type":"hr_guardrailpost"}
{"pos":[212.166382,40.5683899,23.5064087],"rotationMatrix":[0.991507709,0.127728596,0.0244519636,-0.127766803,0.991804242,1.07800588e-07,-0.0242515467,-0.00312425592,0.999701023],"scale":0.999999881,"type":"hr_guardrailpost"}
{"pos":[214.179398,40.8277283,23.5592556],"rotationMatrix":[0.991457999,0.127722189,0.0264210515,-0.127766803,0.991804242,1.71363354e-07,-0.0262044892,-0.003375903,0.999650896],"scale":1,"type":"hr_guardrailpost"}
{"pos":[216.196274,41.0712585,23.6078053],"rotationMatrix":[0.992917061,0.11666736,0.0224598255,-0.116696805,0.993167579,3.9616134e-07,-0.0223063249,-0.00262138341,0.999747753],"scale":0.99999994,"type":"hr_guardrailpost"}
{"pos":[218.218063,41.281723,23.6433067],"rotationMatrix":[0.99474436,0.101026878,0.0166499801,-0.101040885,0.994882286,2.47091521e-07,-0.0165647455,-0.00168257463,0.99986136],"scale":1,"type":"hr_guardrailpost"}
{"pos":[220.243271,41.4594879,23.6683903],"rotationMatrix":[0.996320724,0.0849053934,0.011666094,-0.0849111751,0.996388495,4.93368134e-07,-0.0116239199,-0.000991073437,0.999931931],"scale":0.99999994,"type":"hr_guardrailpost"}
{"pos":[222.271515,41.6038055,23.6849174],"rotationMatrix":[0.997636437,0.0682941079,0.00758033432,-0.0682960749,0.997665107,7.15081114e-08,-0.00756262988,-0.000517778448,0.999971271],"scale":1,"type":"hr_guardrailpost"}
{"pos":[224.302124,41.7133942,23.6948109],"rotationMatrix":[0.998679101,0.0511845648,0.00448772078,-0.0511850789,0.998689175,1.29424734e-07,-0.00448183203,-0.000229833604,0.999989927],"scale":0.99999994,"type":"hr_guardrailpost"}
{"pos":[226.334702,41.7872772,23.7002697],"rotationMatrix":[0.999433398,0.0335664116,0.00247654016,-0.0335665159,0.999436498,1.12730049e-07,-0.00247514085,-8.32414953e-05,0.99999696],"scale":0.99999994,"type":"hr_guardrailpost"}
{"pos":[228.368622,41.824585,23.7036476],"rotationMatrix":[0.999879539,0.015432829,0.00164422055,-0.0154328495,0.99988091,1.23737664e-07,-0.00164402288,-2.54987317e-05,0.999998629],"scale":0.99999994,"type":"hr_guardrailpost"}
{"pos":[230.403076,41.8240814,23.7075233],"rotationMatrix":[0.999992609,-0.00322498777,0.00209746254,0.00322499522,0.999994814,-1.17691798e-07,-0.00209745136,6.88199816e-06,0.999997795],"scale":1,"type":"hr_guardrailpost"}
{"pos":[232.437439,41.7846985,23.7146912],"rotationMatrix":[0.999740958,-0.0224142149,0.00394761516,0.02241439,0.999748766,-3.06517904e-07,-0.00394661678,8.87898204e-05,0.999992192],"scale":0.99999994,"type":"hr_guardrailpost"}
{"pos":[234.470947,41.7052765,23.7281952],"rotationMatrix":[0.999084949,-0.0421399027,0.00731416605,0.0421410277,0.999111652,-1.95941539e-07,-0.00730766077,0.000308422197,0.999973238],"scale":0.99999994,"type":"hr_guardrailpost"}
{"pos":[236.502716,41.5848389,23.7513218],"rotationMatrix":[0.997975051,-0.0624011904,0.0123224687,0.0624059364,0.998050869,-4.47442289e-07,-0.0122984219,0.000769441715,0.999924064],"scale":1,"type":"hr_guardrailpost"}
{"pos":[238.531082,41.4223022,23.7809753],"rotationMatrix":[0.996438801,-0.0832068995,0.0136492141,0.0832146481,0.996531665,5.98374754e-08,-0.0136018787,0.00113575486,0.999906838],"scale":0.99999994,"type":"hr_guardrailpost"}
{"pos":[240.555206,41.2163849,23.8035774],"rotationMatrix":[0.994460762,-0.104556352,0.0107607981,0.104562402,0.99451834,2.81841494e-07,-0.0107018398,0.0011248946,0.999942124],"scale":1,"type":"hr_guardrailpost"}
{"pos":[242.574615,40.9661865,23.8217773],"rotationMatrix":[0.991937041,-0.126430824,0.00872444641,0.126435623,0.991974831,1.47731043e-07,-0.00865445007,0.00110293436,0.999961913],"scale":0.99999994,"type":"hr_guardrailpost"}
{"pos":[244.588196,40.6704865,23.8374252],"rotationMatrix":[0.988833904,-0.148826748,0.00762278773,0.148831069,0.988862634,-1.79861672e-08,-0.00753788743,0.00113452552,0.999970973],"scale":0.99999994,"type":"hr_guardrailpost"}
{"pos":[246.594696,40.3283386,23.8525658],"rotationMatrix":[0.985114992,-0.171731368,0.00753617566,0.171736255,0.985142946,9.0978574e-08,-0.00742422603,0.00129414513,0.999971628],"scale":0.999999881,"type":"hr_guardrailpost"}
{"pos":[248.592697,39.9386292,23.8694077],"rotationMatrix":[0.980740309,-0.195128769,0.00855562091,0.195135921,0.980776191,1.15658622e-07,-0.00839117169,0.00166939548,0.999963403],"scale":1,"type":"hr_guardrailpost"}
{"pos":[250.580917,39.5004272,23.8903561],"rotationMatrix":[0.975665331,-0.219000205,0.0107716937,0.219012901,0.975721955,-1.36322342e-07,-0.0105101485,0.00235927291,0.999942005],"scale":0.99999994,"type":"hr_guardrailpost"}
{"pos":[252.557892,39.0127716,23.9179935],"rotationMatrix":[0.969841182,-0.243319288,0.0142771509,0.243344083,0.969940007,-7.52042979e-08,-0.013847962,0.00347433332,0.999898076],"scale":1,"type":"hr_guardrailpost"}
{"pos":[254.521851,38.4747925,23.9551163],"rotationMatrix":[0.963214695,-0.268048048,0.0191742815,0.268097341,0.96339184,-3.15019861e-07,-0.0184722617,0.00514087733,0.999816179],"scale":0.99999994,"type":"hr_guardrailpost"}
{"pos":[256.471222,37.8856506,24.0047226],"rotationMatrix":[0.95572412,-0.293153137,0.0255457573,0.293248862,0.95603615,-6.32600859e-07,-0.0244224817,0.00749186892,0.999673665],"scale":1,"type":"hr_guardrailpost"}
{"pos":[258.403198,37.2450562,24.0538425],"rotationMatrix":[0.947591901,-0.318660885,0.0229090601,0.31874451,0.947840691,5.11761755e-07,-0.0217143036,0.0073016528,0.999737561],"scale":1,"type":"hr_guardrailpost"}
{"pos":[260.3172,36.552002,24.0931911],"rotationMatrix":[0.938604474,-0.344480008,0.0188466255,0.344541222,0.938771188,1.13155693e-07,-0.0176927093,0.00649333326,0.999822378],"scale":0.99999994,"type":"hr_guardrailpost"}
{"pos":[262.211548,35.8058167,24.1262684],"rotationMatrix":[0.928679705,-0.370539665,0.0159487873,0.370586812,0.928797841,1.846347e-07,-0.0148132676,0.00591023918,0.999872804],"scale":0.99999994,"type":"hr_guardrailpost"}
{"pos":[264.084229,35.006012,24.1556072],"rotationMatrix":[0.917795658,-0.396795034,0.01431394,0.396835685,0.917889655,6.63567334e-08,-0.0131386444,0.00568022113,0.99989754],"scale":0.99999994,"type":"hr_guardrailpost"}
{"pos":[265.933411,34.1526794,24.1839447],"rotationMatrix":[0.905942678,-0.423167735,0.0140348384,0.423209399,0.906031907,2.23517418e-08,-0.0127160205,0.00593965594,0.999901533],"scale":0.99999994,"type":"hr_guardrailpost"}
{"pos":[267.756927,33.2450867,24.2141991],"rotationMatrix":[0.893092096,-0.449616373,0.0152176535,0.449668467,0.89319557,-1.87428668e-07,-0.0135922553,0.00684306584,0.999884188],"scale":0.99999994,"type":"hr_guardrailpost"}
{"pos":[295.193817,-56.0867958,25.5955906],"rotationMatrix":[-0.462239504,-0.886744618,0.00432018097,0.886752844,-0.462243795,4.61004674e-07,0.0019965684,0.00383114605,0.999990642],"scale":0.99999994,"type":"hr_guardrailpost"}
{"pos":[282.746887,-72.0983887,25.5462112],"rotationMatrix":[-0.73173213,-0.681526184,-0.00949839596,0.68155694,-0.731765151,-2.70083547e-07,-0.00695041101,-0.00647389516,0.999954879],"scale":1,"type":"hr_guardrailpost"}
