{"pos":[-412.988403,416.323547,32.9086151],"rotationMatrix":[-0.749086976,0.658376634,0.0735453218,-0.660338223,-0.750961542,-0.00319844671,0.0531239212,-0.0509607047,0.997286737],"scale":1,"type":"hr_guardrail_endcap_L"}
{"pos":[166.187546,364.221344,32.5271606],"rotationMatrix":[0.954288602,0.2888605,0.0767651945,-0.289411366,0.957196057,-0.00409294339,-0.0746616274,-0.0183108691,0.997040808],"scale":1,"type":"hr_guardrail_endcap_L"}
{"pos":[10.153388,336.314514,32.4413261],"rotationMatrix":[-0.980205655,0.186288789,0.0670326948,-0.186995551,-0.982351065,-0.00437259534,0.0650350749,-0.0168208592,0.997741222],"scale":1,"type":"hr_guardrail_endcap_L"}
{"pos":[-94.4408569,426.50058,35.3896141],"rotationMatrix":[0.9961766,-0.0651423708,0.058211755,0.0654820576,0.997845948,-0.00394501816,-0.0578293763,0.00774176046,0.99829644],"scale":1,"type":"hr_guardrail_endcap_L"}
{"pos":[-127.585587,-213.584717,36.6391754],"rotationMatrix":[-0.495351315,-0.86801213,0.0343836509,0.868525684,-0.495644331,-9.31322575e-09,0.0170420669,0.0298630763,0.999408722],"scale":1,"type":"hr_guardrail_endcap_L"}
{"pos":[-307.09549,6.04712439,29.8111401],"rotationMatrix":[0.534651875,-0.838715851,0.103455596,0.843240678,0.537536263,-1.86264515e-08,-0.0556111261,0.087237969,0.994634092],"scale":1,"type":"hr_guardrail_endcap_L"}
{"pos":[-364.576477,57.3288727,26.0705376],"rotationMatrix":[-0.556534648,0.830560446,0.020943325,-0.830742598,-0.556656718,-9.31322575e-10,0.0116582401,-0.0173985139,0.999780655],"scale":1,"type":"hr_guardrail_endcap_L"}
{"pos":[-125.38076,353.272736,30.9940891],"rotationMatrix":[0.830709398,-0.556614757,0.0100921001,0.556643128,0.830751717,2.32830644e-10,-0.00838403031,0.00561769865,0.999949098],"scale":1,"type":"hr_guardrail_endcap_L"}
