{"pos":[131.377197,-395.192078,30.5072327],"rotationMatrix":[-0.844573259,0.534733474,-0.027496187,-0.534935772,-0.84489274,-2.79396772e-08,-0.0232313443,0.0147086708,0.999621928],"scale":1,"type":"hr_guardrail1"}
{"pos":[134.757233,-397.416443,30.6261063],"rotationMatrix":[-0.824860454,0.56444633,-0.0317156091,-0.564730406,-0.82527554,5.21540642e-08,-0.0261740852,0.0179108121,0.999496937],"scale":1,"type":"hr_guardrail1"}
{"pos":[138.052444,-399.76355,30.767931],"rotationMatrix":[-0.802725911,0.595093846,-0.0386567898,-0.595538974,-0.803326368,6.51925802e-08,-0.0310539789,0.0230216775,0.999252558],"scale":1,"type":"hr_guardrail1"}
{"pos":[141.254471,-402.235046,30.9270782],"rotationMatrix":[-0.779013753,0.625719488,-0.040160805,-0.626224697,-0.779642701,-1.02445483e-08,-0.0313110799,0.0251496807,0.999193251],"scale":1,"type":"hr_guardrail1"}
{"pos":[144.358795,-404.827759,31.0953102],"rotationMatrix":[-0.754564524,0.654801607,-0.0432114974,-0.655413747,-0.755270004,1.60187483e-07,-0.0326362401,0.0283215307,0.999065936],"scale":1,"type":"hr_guardrail1"}
{"pos":[147.364105,-407.533569,31.27882],"rotationMatrix":[-0.7302531,0.6815117,-0.0476685464,-0.682287276,-0.731084228,8.56816769e-08,-0.0348496586,0.0325237028,0.99886322],"scale":1,"type":"hr_guardrail1"}
{"pos":[150.272919,-410.341675,31.4798584],"rotationMatrix":[-0.707105637,0.705270648,-0.0509413108,-0.706187487,-0.708024859,-2.42143869e-08,-0.0360677317,0.0359741002,0.998701632],"scale":1,"type":"hr_guardrail1"}
{"pos":[153.091797,-413.239807,31.6869507],"rotationMatrix":[-0.685845494,0.725965261,-0.0508958735,-0.726907372,-0.686735511,-1.62050128e-07,-0.0349521227,0.0369964764,0.998703957],"scale":1,"type":"hr_guardrail1"}
{"pos":[155.829041,-416.215485,31.8885269],"rotationMatrix":[-0.666811824,0.743658245,-0.0483163409,-0.744527757,-0.667591572,-4.28408384e-08,-0.0322556086,0.0359728262,0.998832107],"scale":1,"type":"hr_guardrail1"}
{"pos":[158.494019,-419.25705,32.0759773],"rotationMatrix":[-0.650231004,0.758410573,-0.0448692404,-0.759175181,-0.650886536,2.10478902e-07,-0.0292046182,0.034063749,0.99899286],"scale":1,"type":"hr_guardrail1"}
{"pos":[127.930061,-393.088593,30.0740089],"rotationMatrix":[-0.861556888,0.506992221,-0.0260512829,-0.507164359,-0.861849308,-7.59027898e-08,-0.0224523209,0.0132122152,0.999660611],"scale":1,"type":"hr_guardrail1"}
{"pos":[131.384766,-395.196899,30.1815166],"rotationMatrix":[-0.844573259,0.534733474,-0.027496187,-0.534935772,-0.84489274,-2.79396772e-08,-0.0232313443,0.0147086708,0.999621928],"scale":1,"type":"hr_guardrail1"}
{"pos":[134.765747,-397.422302,30.3004303],"rotationMatrix":[-0.824860454,0.56444633,-0.0317156091,-0.564730406,-0.82527554,5.21540642e-08,-0.0261740852,0.0179108121,0.999496937],"scale":1,"type":"hr_guardrail1"}
{"pos":[138.062561,-399.771057,30.4423332],"rotationMatrix":[-0.802725911,0.595093846,-0.0386567898,-0.595538974,-0.803326368,6.51925802e-08,-0.0310539789,0.0230216775,0.999252558],"scale":1,"type":"hr_guardrail1"}
{"pos":[141.264679,-402.243225,30.6015015],"rotationMatrix":[-0.779013753,0.625719488,-0.040160805,-0.626224697,-0.779642701,-1.02445483e-08,-0.0313110799,0.0251496807,0.999193251],"scale":1,"type":"hr_guardrail1"}
{"pos":[144.369431,-404.836975,30.7697754],"rotationMatrix":[-0.754564524,0.654801607,-0.0432114974,-0.655413747,-0.755270004,1.60187483e-07,-0.0326362401,0.0283215307,0.999065936],"scale":1,"type":"hr_guardrail1"}
{"pos":[147.375458,-407.544159,30.9533501],"rotationMatrix":[-0.7302531,0.6815117,-0.0476685464,-0.682287276,-0.731084228,8.56816769e-08,-0.0348496586,0.0325237028,0.99886322],"scale":1,"type":"hr_guardrail1"}
{"pos":[150.284668,-410.353394,31.1544418],"rotationMatrix":[-0.707105637,0.705270648,-0.0509413108,-0.706187487,-0.708024859,-2.42143869e-08,-0.0360677317,0.0359741002,0.998701632],"scale":1,"type":"hr_guardrail1"}
{"pos":[153.10318,-413.251862,31.3615341],"rotationMatrix":[-0.685845494,0.725965261,-0.0508958735,-0.726907372,-0.686735511,-1.62050128e-07,-0.0349521227,0.0369964764,0.998703957],"scale":1,"type":"hr_guardrail1"}
{"pos":[155.839539,-416.227203,31.5630684],"rotationMatrix":[-0.666811824,0.743658245,-0.0483163409,-0.744527757,-0.667591572,-4.28408384e-08,-0.0322556086,0.0359728262,0.998832107],"scale":1,"type":"hr_guardrail1"}
{"pos":[158.50354,-419.268127,31.7504654],"rotationMatrix":[-0.650231004,0.758410573,-0.0448692404,-0.759175181,-0.650886536,2.10478902e-07,-0.0292046182,0.034063749,0.99899286],"scale":1,"type":"hr_guardrail1"}
{"pos":[127.937386,-393.092896,29.7479782],"rotationMatrix":[-0.861556888,0.506992221,-0.0260512829,-0.507164359,-0.861849308,-7.59027898e-08,-0.0224523209,0.0132122152,0.999660611],"scale":1,"type":"hr_guardrail1"}
{"pos":[131.392349,-395.201691,29.8554955],"rotationMatrix":[-0.844573259,0.534733474,-0.027496187,-0.534935772,-0.84489274,-2.79396772e-08,-0.0232313443,0.0147086708,0.999621928],"scale":1,"type":"hr_guardrail1"}
{"pos":[134.774292,-397.428131,29.9744511],"rotationMatrix":[-0.824860454,0.56444633,-0.0317156091,-0.564730406,-0.82527554,5.21540642e-08,-0.0261740852,0.0179108121,0.999496937],"scale":1,"type":"hr_guardrail1"}
{"pos":[138.072693,-399.778564,30.1164341],"rotationMatrix":[-0.802725911,0.595093846,-0.0386567898,-0.595538974,-0.803326368,6.51925802e-08,-0.0310539789,0.0230216775,0.999252558],"scale":1,"type":"hr_guardrail1"}
{"pos":[141.274887,-402.251465,30.2756214],"rotationMatrix":[-0.779013753,0.625719488,-0.040160805,-0.626224697,-0.779642701,-1.02445483e-08,-0.0313110799,0.0251496807,0.999193251],"scale":1,"type":"hr_guardrail1"}
{"pos":[144.380066,-404.846222,30.4439373],"rotationMatrix":[-0.754564524,0.654801607,-0.0432114974,-0.655413747,-0.755270004,1.60187483e-07,-0.0326362401,0.0283215307,0.999065936],"scale":1,"type":"hr_guardrail1"}
{"pos":[147.386826,-407.554749,30.6275787],"rotationMatrix":[-0.7302531,0.6815117,-0.0476685464,-0.682287276,-0.731084228,8.56816769e-08,-0.0348496586,0.0325237028,0.99886322],"scale":1,"type":"hr_guardrail1"}
{"pos":[150.296432,-410.365112,30.828722],"rotationMatrix":[-0.707105637,0.705270648,-0.0509413108,-0.706187487,-0.708024859,-2.42143869e-08,-0.0360677317,0.0359741002,0.998701632],"scale":1,"type":"hr_guardrail1"}
{"pos":[153.114594,-413.263916,31.0358124],"rotationMatrix":[-0.685845494,0.725965261,-0.0508958735,-0.726907372,-0.686735511,-1.62050128e-07,-0.0349521227,0.0369964764,0.998703957],"scale":1,"type":"hr_guardrail1"}
{"pos":[155.850067,-416.238953,31.2373066],"rotationMatrix":[-0.666811824,0.743658245,-0.0483163409,-0.744527757,-0.667591572,-4.28408384e-08,-0.0322556086,0.0359728262,0.998832107],"scale":1,"type":"hr_guardrail1"}
{"pos":[158.513062,-419.279236,31.4246521],"rotationMatrix":[-0.650231004,0.758410573,-0.0448692404,-0.759175181,-0.650886536,2.10478902e-07,-0.0292046182,0.034063749,0.99899286],"scale":1,"type":"hr_guardrail1"}
{"pos":[163.60022,-391.997192,31.7134476],"rotationMatrix":[0.755644083,-0.653262913,0.0474301204,0.653998911,0.756495476,-1.46217644e-07,-0.0358805731,0.0310193598,0.998874545],"scale":1.00000012,"type":"hr_guardrail1"}
{"pos":[163.611908,-392.007294,31.3879738],"rotationMatrix":[0.755644083,-0.653262913,0.0474301204,0.653998911,0.756495476,-1.46217644e-07,-0.0358805731,0.0310193598,0.998874545],"scale":1.00000012,"type":"hr_guardrail1"}
{"pos":[163.623611,-392.017395,31.0621986],"rotationMatrix":[0.755644083,-0.653262913,0.0474301204,0.653998911,0.756495476,-1.46217644e-07,-0.0358805731,0.0310193598,0.998874545],"scale":1.00000012,"type":"hr_guardrail1"}
{"pos":[409.9617,-36.3110046,27.4660721],"rotationMatrix":[-0.47475791,0.877175629,-0.071888037,-0.879451096,-0.475989342,6.48200512e-07,-0.0342173725,0.0632223189,0.997412682],"scale":1,"type":"hr_guardrail1"}
{"pos":[220.274704,-133.983368,27.3075371],"rotationMatrix":[0.870386302,0.491401583,0.0308569744,-0.49163571,0.870800972,2.84053385e-08,-0.0268702693,-0.0151704159,0.999523818],"scale":1.00000012,"type":"hr_guardrail1"}
{"pos":[216.78981,-136.029678,27.1922379],"rotationMatrix":[0.853238404,0.520890713,0.0256335549,-0.521061897,0.853518844,4.51691449e-08,-0.0218787007,-0.0133567099,0.9996714],"scale":1,"type":"hr_guardrail1"}
{"pos":[213.372559,-138.187912,27.10145],"rotationMatrix":[0.837722898,0.545727849,0.0200356133,-0.545837402,0.837891102,-6.37955964e-08,-0.0167876966,-0.0109361336,0.999799252],"scale":1,"type":"hr_guardrail1"}
{"pos":[210.00415,-140.424957,27.0280666],"rotationMatrix":[0.829648018,0.558053792,0.016127063,-0.55812639,0.829755962,-2.84053385e-08,-0.0133815417,-0.00900091603,0.999869943],"scale":0.99999994,"type":"hr_guardrail1"}
{"pos":[206.635895,-142.664459,26.9696388],"rotationMatrix":[0.846422076,0.532335997,0.0137137957,-0.532386065,0.846501708,-3.77185643e-08,-0.011608772,-0.00730100228,0.999905944],"scale":1,"type":"hr_guardrail1"}
{"pos":[203.03273,-144.490326,26.9113121],"rotationMatrix":[0.946237147,0.32310164,0.0155114671,-0.323140502,0.946350992,-1.63679942e-07,-0.0146793453,-0.00501222908,0.999879718],"scale":1,"type":"hr_guardrail1"}
{"pos":[199.051117,-145.035797,26.8508377],"rotationMatrix":[0.99852711,-0.0528009757,0.0124778561,0.0528050885,0.998604834,-6.52798917e-08,-0.0124604441,0.0006589595,0.999922156],"scale":1.00000012,"type":"hr_guardrail1"}
{"pos":[195.055923,-144.329514,26.7609596],"rotationMatrix":[0.963430882,-0.26557219,0.0356698446,0.265741348,0.964044392,-8.93138349e-07,-0.0343870781,0.00947981328,0.999363601],"scale":1,"type":"hr_guardrail1"}
{"pos":[409.972839,-36.331604,27.1410751],"rotationMatrix":[-0.47475791,0.877175629,-0.071888037,-0.879451096,-0.475989342,6.48200512e-07,-0.0342173725,0.0632223189,0.997412682],"scale":1,"type":"hr_guardrail1"}
{"pos":[220.283463,-133.978424,26.9818535],"rotationMatrix":[0.870386302,0.491401583,0.0308569744,-0.49163571,0.870800972,2.84053385e-08,-0.0268702693,-0.0151704159,0.999523818],"scale":1.00000012,"type":"hr_guardrail1"}
{"pos":[216.796936,-136.02533,26.8665047],"rotationMatrix":[0.853238404,0.520890713,0.0256335549,-0.521061897,0.853518844,4.51691449e-08,-0.0218787007,-0.0133567099,0.9996714],"scale":1,"type":"hr_guardrail1"}
{"pos":[213.378021,-138.184341,26.7756748],"rotationMatrix":[0.837722898,0.545727849,0.0200356133,-0.545837402,0.837891102,-6.37955964e-08,-0.0167876966,-0.0109361336,0.999799252],"scale":1,"type":"hr_guardrail1"}
{"pos":[210.008514,-140.422028,26.7022686],"rotationMatrix":[0.829648018,0.558053792,0.016127063,-0.55812639,0.829755962,-2.84053385e-08,-0.0133815417,-0.00900091603,0.999869943],"scale":0.99999994,"type":"hr_guardrail1"}
{"pos":[206.639679,-142.662079,26.6438293],"rotationMatrix":[0.846422076,0.532335997,0.0137137957,-0.532386065,0.846501708,-3.77185643e-08,-0.011608772,-0.00730100228,0.999905944],"scale":1,"type":"hr_guardrail1"}
{"pos":[203.037521,-144.488693,26.5855103],"rotationMatrix":[0.946237147,0.32310164,0.0155114671,-0.323140502,0.946350992,-1.63679942e-07,-0.0146793453,-0.00501222908,0.999879718],"scale":1,"type":"hr_guardrail1"}
{"pos":[199.055176,-145.036011,26.5250244],"rotationMatrix":[0.99852711,-0.0528009757,0.0124778561,0.0528050885,0.998604834,-6.52798917e-08,-0.0124604441,0.0006589595,0.999922156],"scale":1.00000012,"type":"hr_guardrail1"}
{"pos":[195.067123,-144.332596,26.4353256],"rotationMatrix":[0.963430882,-0.26557219,0.0356698446,0.265741348,0.964044392,-8.93138349e-07,-0.0343870781,0.00947981328,0.999363601],"scale":1,"type":"hr_guardrail1"}
{"pos":[409.984009,-36.3522339,26.8157768],"rotationMatrix":[-0.47475791,0.877175629,-0.071888037,-0.879451096,-0.475989342,6.48200512e-07,-0.0342173725,0.0632223189,0.997412682],"scale":1,"type":"hr_guardrail1"}
{"pos":[220.292221,-133.97348,26.6558647],"rotationMatrix":[0.870386302,0.491401583,0.0308569744,-0.49163571,0.870800972,2.84053385e-08,-0.0268702693,-0.0151704159,0.999523818],"scale":1.00000012,"type":"hr_guardrail1"}
{"pos":[216.804062,-136.020966,26.5404701],"rotationMatrix":[0.853238404,0.520890713,0.0256335549,-0.521061897,0.853518844,4.51691449e-08,-0.0218787007,-0.0133567099,0.9996714],"scale":1,"type":"hr_guardrail1"}
{"pos":[213.383499,-138.180771,26.4495964],"rotationMatrix":[0.837722898,0.545727849,0.0200356133,-0.545837402,0.837891102,-6.37955964e-08,-0.0167876966,-0.0109361336,0.999799252],"scale":1,"type":"hr_guardrail1"}
{"pos":[210.012878,-140.419083,26.3761673],"rotationMatrix":[0.829648018,0.558053792,0.016127063,-0.55812639,0.829755962,-2.84053385e-08,-0.0133815417,-0.00900091603,0.999869943],"scale":0.99999994,"type":"hr_guardrail1"}
{"pos":[206.643463,-142.659698,26.3177185],"rotationMatrix":[0.846422076,0.532335997,0.0137137957,-0.532386065,0.846501708,-3.77185643e-08,-0.011608772,-0.00730100228,0.999905944],"scale":1,"type":"hr_guardrail1"}
{"pos":[203.042297,-144.487061,26.259407],"rotationMatrix":[0.946237147,0.32310164,0.0155114671,-0.323140502,0.946350992,-1.63679942e-07,-0.0146793453,-0.00501222908,0.999879718],"scale":1,"type":"hr_guardrail1"}
{"pos":[199.059235,-145.036224,26.1989059],"rotationMatrix":[0.99852711,-0.0528009757,0.0124778561,0.0528050885,0.998604834,-6.52798917e-08,-0.0124604441,0.0006589595,0.999922156],"scale":1.00000012,"type":"hr_guardrail1"}
{"pos":[195.078339,-144.335693,26.1093903],"rotationMatrix":[0.963430882,-0.26557219,0.0356698446,0.265741348,0.964044392,-8.93138349e-07,-0.0343870781,0.00947981328,0.999363601],"scale":1,"type":"hr_guardrail1"}
{"pos":[99.1827927,-80.2210693,24.8991051],"rotationMatrix":[-0.997857809,0.0579683445,0.0303189978,-0.0579950027,-0.998316765,5.28525561e-08,0.0302679688,-0.00175829779,0.999540269],"scale":1.00000012,"type":"hr_guardrail1"}
{"pos":[95.1233749,-79.985321,25.0133972],"rotationMatrix":[-0.998095036,0.0579565689,0.0211561956,-0.0579695478,-0.998318434,-1.74855813e-07,0.0211206079,-0.00122658955,0.999776185],"scale":0.99999994,"type":"hr_guardrail1"}
{"pos":[91.0781021,-79.7503815,25.1181469],"rotationMatrix":[-0.997893572,0.0579561032,0.0291452836,-0.0579807274,-0.998317719,1.58441253e-07,0.0290962625,-0.0016897067,0.999575198],"scale":1,"type":"hr_guardrail1"}
{"pos":[87.0284805,-79.515213,25.2409306],"rotationMatrix":[-0.997823,0.0580123961,0.0313620754,-0.0580409467,-0.998314142,-8.62637535e-08,0.0313091986,-0.00182037079,0.999508083],"scale":1,"type":"hr_guardrail1"}
{"pos":[82.9728928,-79.2189941,25.345295],"rotationMatrix":[-0.995076895,0.0975735411,0.0173638966,-0.0975882486,-0.995226979,1.76660251e-07,0.017281035,-0.0016943363,0.99984926],"scale":0.99999994,"type":"hr_guardrail1"}
{"pos":[78.9390717,-78.7426147,25.398632],"rotationMatrix":[-0.989522576,0.144083872,0.00921798497,-0.144089982,-0.989564657,1.1746306e-07,0.00912180915,-0.00132810313,0.999957502],"scale":1,"type":"hr_guardrail1"}
{"pos":[74.9411926,-78.0734711,25.4352188],"rotationMatrix":[-0.981035709,0.193523332,0.0108540906,-0.193534747,-0.981093407,-3.02796252e-07,0.0106488178,-0.00210094033,0.999941111],"scale":1.00000012,"type":"hr_guardrail1"}
{"pos":[70.9893494,-77.2003784,25.4982014],"rotationMatrix":[-0.969112158,0.245874092,0.0191726852,-0.245919272,-0.969290257,5.07570803e-07,0.0185840223,-0.00471444102,0.999816179],"scale":1.00000012,"type":"hr_guardrail1"}
{"pos":[67.079422,-76.1069031,25.5599747],"rotationMatrix":[-0.953538299,0.301044196,0.0117074037,-0.301064819,-0.953603745,2.6775524e-08,0.0111642322,-0.00352466176,0.999931455],"scale":0.99999994,"type":"hr_guardrail1"}
{"pos":[36.3499756,-1.82864761,26.0813675],"rotationMatrix":[0.523459733,0.851931214,-0.0142518776,-0.85201776,0.5235129,-3.97674739e-07,0.00746070314,0.0121430606,0.999898434],"scale":1.00000012,"type":"hr_guardrail1"}
{"pos":[38.5948181,1.54737473,26.0313339],"rotationMatrix":[0.591871619,0.805826485,-0.0182129741,-0.805960119,0.591969848,2.84519047e-07,0.0107817613,0.0146787632,0.99983412],"scale":1.00000024,"type":"hr_guardrail1"}
{"pos":[41.1112213,4.72709656,25.9427032],"rotationMatrix":[0.656240582,0.754169047,-0.0240308866,-0.754386842,0.656430125,4.56348062e-08,0.01577463,0.0181285553,0.999711215],"scale":1.00000012,"type":"hr_guardrail1"}
{"pos":[43.8741913,7.68157196,25.8529739],"rotationMatrix":[0.716021776,0.697853744,-0.01769289,-0.69796294,0.716133833,9.82545316e-08,0.0126705468,0.0123489127,0.999843478],"scale":1.00000012,"type":"hr_guardrail1"}
{"pos":[46.8798981,10.4095688,25.7585182],"rotationMatrix":[0.770182669,0.637184799,-0.0285356008,-0.637444317,0.770496428,2.21654773e-07,0.0219867192,0.0181896854,0.999592781],"scale":1,"type":"hr_guardrail1"}
{"pos":[50.088089,12.8791046,25.6410179],"rotationMatrix":[0.818740606,0.573521376,-0.0271491576,-0.573732853,0.819042504,-1.45751983e-07,0.0222362299,0.0155764837,0.999631405],"scale":1.00000012,"type":"hr_guardrail1"}
{"pos":[53.4801025,15.0858002,25.5479584],"rotationMatrix":[0.861176133,0.507820308,-0.0222310238,-0.507945836,0.861389041,3.50642949e-07,0.0191497393,0.0112918541,0.999752879],"scale":1.00000012,"type":"hr_guardrail1"}
{"pos":[57.0419159,17.0288544,25.4389839],"rotationMatrix":[0.897049546,0.440887272,-0.0303400885,-0.441090345,0.897462726,9.0803951e-08,0.0272291396,0.0133826397,0.999539614],"scale":1.00000012,"type":"hr_guardrail1"}
{"pos":[60.7300568,18.6960602,25.3187141],"rotationMatrix":[0.927006006,0.37410146,-0.0266080312,-0.374233961,0.927334309,-4.22820449e-07,0.0246743821,0.00995802134,0.999645948],"scale":1,"type":"hr_guardrail1"}
{"pos":[64.5262146,20.0936737,25.2299042],"rotationMatrix":[0.951099217,0.308310062,-0.0188467111,-0.308364838,0.951268196,9.01054591e-08,0.0179283042,0.00581157673,0.999822378],"scale":1.00000024,"type":"hr_guardrail1"}
{"pos":[68.4183807,21.2302856,25.1478271],"rotationMatrix":[0.969483078,0.24417755,-0.0219054837,-0.244236141,0.969715774,3.3993274e-08,0.0212421026,0.00535007846,0.999760032],"scale":0.99999994,"type":"hr_guardrail1"}
{"pos":[72.3762589,22.1107025,25.054081],"rotationMatrix":[0.98290956,0.182445511,-0.0245438106,-0.182500497,0.983205736,5.30853868e-08,0.0241316259,0.0044792057,0.999698758],"scale":0.99999994,"type":"hr_guardrail1"}
{"pos":[76.3808289,22.7451324,24.9502792],"rotationMatrix":[0.991457522,0.127718762,-0.0264566205,-0.127763495,0.991804659,-8.41682777e-08,0.02623979,0.00338027393,0.999649942],"scale":1.00000012,"type":"hr_guardrail1"}
{"pos":[80.4048004,23.263504,24.8465729],"rotationMatrix":[0.991503239,0.127723455,-0.0246597212,-0.127762318,0.991804838,-4.78466973e-08,0.0244576242,0.00315063028,0.999695897],"scale":1,"type":"hr_guardrail1"}
{"pos":[84.430191,23.7820587,24.7474976],"rotationMatrix":[0.99151063,0.127727777,-0.0243364181,-0.127765626,0.991804361,-1.23400241e-08,0.0241369661,0.00310936966,0.999703825],"scale":1,"type":"hr_guardrail1"}
{"pos":[88.4556274,24.3005981,24.6488171],"rotationMatrix":[0.9915151,0.127719238,-0.0241995137,-0.12775664,0.991805553,4.703179e-08,0.0240012165,0.00309160189,0.999707162],"scale":1.00000012,"type":"hr_guardrail1"}
{"pos":[92.481575,24.8191986,24.5500603],"rotationMatrix":[0.991503119,0.127727285,-0.024643885,-0.127766088,0.991804302,1.22352503e-07,0.0244419258,0.00314853154,0.999696314],"scale":1,"type":"hr_guardrail1"}
{"pos":[96.5076675,25.3378906,24.4483814],"rotationMatrix":[0.991487741,0.127724588,-0.0252674874,-0.127765387,0.991804421,2.14553438e-07,0.025060432,0.00322809722,0.999680698],"scale":1,"type":"hr_guardrail1"}
{"pos":[100.531876,25.8562775,24.3477783],"rotationMatrix":[0.991525173,0.127728924,-0.0237309616,-0.127764896,0.991804481,3.06172296e-08,0.0235364791,0.0030319537,0.999718368],"scale":1,"type":"hr_guardrail1"}
{"pos":[104.554825,26.374527,24.2572231],"rotationMatrix":[0.991600394,0.127749443,-0.0202175602,-0.12777555,0.99180311,1.29104592e-07,0.0200518556,0.00258318195,0.999795616],"scale":1.00000012,"type":"hr_guardrail1"}
{"pos":[108.581085,26.8931732,24.173748],"rotationMatrix":[0.991594553,0.127734497,-0.0205951557,-0.127761588,0.991804898,-3.05008143e-08,0.0204263739,0.00263130013,0.999787927],"scale":0.99999994,"type":"hr_guardrail1"}
{"pos":[112.60556,27.4116364,24.0926685],"rotationMatrix":[0.991630554,0.127741784,-0.0187321976,-0.127764195,0.9918046,1.27940439e-07,0.018578697,0.00239317771,0.999824524],"scale":1,"type":"hr_guardrail1"}
{"pos":[116.631691,27.9302521,24.019474],"rotationMatrix":[0.991630971,0.127740622,-0.0187161528,-0.127763003,0.991804719,1.00350007e-07,0.0185627826,0.00239113253,0.999824822],"scale":0.99999994,"type":"hr_guardrail1"}
{"pos":[120.657616,28.4488525,23.9426422],"rotationMatrix":[0.991635799,0.127744123,-0.0184354763,-0.127765849,0.991804361,7.07805157e-08,0.0182843935,0.00235535414,0.999830067],"scale":1,"type":"hr_guardrail1"}
{"pos":[124.680588,28.9671173,23.873867],"rotationMatrix":[0.991701663,0.127745882,-0.0144519145,-0.127759233,0.991805196,-2.00234354e-08,0.0143334819,0.00184638542,0.999895573],"scale":1.00000012,"type":"hr_guardrail1"}
{"pos":[128.70546,29.4855804,23.8184528],"rotationMatrix":[0.991726041,0.127751201,-0.0126118334,-0.127761364,0.991804957,2.11468432e-07,0.012508505,0.00161109539,0.999920487],"scale":1,"type":"hr_guardrail1"}
{"pos":[132.730438,30.0040894,23.7704277],"rotationMatrix":[0.991746485,0.12775746,-0.0108115105,-0.12776491,0.991804481,2.1251617e-07,0.0107229324,0.00138112088,0.999941528],"scale":1,"type":"hr_guardrail1"}
{"pos":[136.755478,30.5225983,23.7298012],"rotationMatrix":[0.991765141,0.127759367,-0.00891424157,-0.127764434,0.99180454,1.79861672e-07,0.00884120911,0.00113874476,0.999960244],"scale":0.99999994,"type":"hr_guardrail1"}
{"pos":[140.781082,31.0411682,23.6962585],"rotationMatrix":[0.991776466,0.127757221,-0.00758261373,-0.127760887,0.991805017,1.85886165e-07,0.00752049824,0.000968577107,0.999971271],"scale":1.00000012,"type":"hr_guardrail1"}
{"pos":[144.807358,31.5598145,23.6665344],"rotationMatrix":[0.991778374,0.127767801,-0.00714465836,-0.12777105,0.991803706,2.57132342e-07,0.00708613126,0.000912625575,0.999974489],"scale":1.00000012,"type":"hr_guardrail1"}
{"pos":[148.831421,32.0782013,23.6425533],"rotationMatrix":[0.991796911,0.127761766,-0.00397909479,-0.12776278,0.991804779,1.04861101e-07,0.0039464985,0.000508276164,0.999992073],"scale":1,"type":"hr_guardrail1"}
{"pos":[152.854691,32.5964661,23.6335526],"rotationMatrix":[0.991804957,0.127760649,0.000304368907,-0.127760649,0.991805017,-1.36798917e-07,-0.000301892112,-3.87506952e-05,0.99999994],"scale":1,"type":"hr_guardrail1"}
{"pos":[156.87941,33.1149445,23.6420078],"rotationMatrix":[0.991801441,0.127759695,0.00271693245,-0.127760172,0.991805077,1.96057954e-07,-0.00269464217,-0.000347310212,0.999996305],"scale":1.00000012,"type":"hr_guardrail1"}
{"pos":[160.905533,33.6335754,23.6534348],"rotationMatrix":[0.99179852,0.12776342,0.00350065227,-0.127764195,0.9918046,1.34299626e-07,-0.00347194565,-0.000447391183,0.999993861],"scale":1.00000012,"type":"hr_guardrail1"}
{"pos":[164.929291,34.1519318,23.6731186],"rotationMatrix":[0.991778791,0.127761126,0.00720709469,-0.127764434,0.99180454,-1.29221007e-08,-0.00714803115,-0.000920797582,0.999974012],"scale":0.99999994,"type":"hr_guardrail1"}
{"pos":[168.953522,34.6703186,23.7078114],"rotationMatrix":[0.991754472,0.12775822,0.0100429077,-0.127764657,0.99180454,-6.4377673e-08,-0.00996060856,-0.00128306483,0.999949574],"scale":1.00000012,"type":"hr_guardrail1"}
{"pos":[172.977692,35.1886902,23.7533665],"rotationMatrix":[0.991723001,0.127751768,0.0128445374,-0.127762318,0.991804838,-2.36323103e-08,-0.0127392774,-0.00164102449,0.999917507],"scale":1,"type":"hr_guardrail1"}
{"pos":[177.002228,35.7071228,23.8103981],"rotationMatrix":[0.991691351,0.127750114,0.0151038272,-0.127764687,0.991804481,9.99425538e-08,-0.0149800321,-0.00192983472,0.999885917],"scale":0.99999994,"type":"hr_guardrail1"}
{"pos":[181.027573,36.225647,23.8736534],"rotationMatrix":[0.991673052,0.12774989,0.0162653532,-0.127766788,0.991804242,1.12107955e-07,-0.0161320325,-0.00207828358,0.999867737],"scale":1,"type":"hr_guardrail1"}
{"pos":[185.052582,36.7441864,23.9420738],"rotationMatrix":[0.991649806,0.127740413,0.0176943727,-0.12776041,0.991805077,1.37486495e-07,-0.0175493509,-0.0022607767,0.999843419],"scale":1,"type":"hr_guardrail1"}
{"pos":[189.080719,37.2630768,24.0098],"rotationMatrix":[0.991685331,0.127752692,0.0154759083,-0.12776798,0.991804063,-1.68802217e-08,-0.0153490715,-0.00197730912,0.999880254],"scale":1.00000012,"type":"hr_guardrail1"}
{"pos":[193.106293,37.7817078,24.0728588],"rotationMatrix":[0.991672456,0.12774694,0.0163228214,-0.127763957,0.9918046,3.7602149e-08,-0.0161890462,-0.00208550552,0.999866784],"scale":1,"type":"hr_guardrail1"}
{"pos":[197.131805,38.3002014,24.1429634],"rotationMatrix":[0.991661072,0.127744511,0.017020883,-0.127763018,0.991804719,2.02213414e-07,-0.0168813672,-0.00217483984,0.999855161],"scale":1,"type":"hr_guardrail1"}
{"pos":[201.156616,38.8186798,24.2131462],"rotationMatrix":[0.991630793,0.127743974,0.0187041368,-0.127766326,0.991804302,7.33416528e-09,-0.0185508411,-0.00238976581,0.99982506],"scale":1.00000012,"type":"hr_guardrail1"}
{"pos":[205.177902,39.336731,24.299818],"rotationMatrix":[0.991512954,0.127727836,0.0242418069,-0.127765387,0.991804421,2.17230991e-07,-0.0240431037,-0.00309747923,0.999706149],"scale":1,"type":"hr_guardrail1"}
{"pos":[209.204224,39.8554382,24.3956871],"rotationMatrix":[0.991530955,0.127733767,0.023462845,-0.127768934,0.991803944,6.46105036e-08,-0.0232705344,-0.00299788686,0.999724686],"scale":1,"type":"hr_guardrail1"}
{"pos":[213.227448,40.3736877,24.4947395],"rotationMatrix":[0.991457999,0.127722189,0.0264210347,-0.127766803,0.991804242,1.72411092e-07,-0.0262044724,-0.00337590184,0.999650896],"scale":1.00000012,"type":"hr_guardrail1"}
{"pos":[217.263397,40.8544159,24.5885429],"rotationMatrix":[0.99474436,0.101026878,0.0166499615,-0.101040885,0.994882286,2.47731805e-07,-0.0165647268,-0.00168257335,0.99986136],"scale":1,"type":"hr_guardrail1"}
{"pos":[221.31192,41.2086639,24.6391182],"rotationMatrix":[0.997636437,0.0682941079,0.00758031569,-0.0682960749,0.997665107,7.16827344e-08,-0.00756261125,-0.000517777284,0.999971271],"scale":1,"type":"hr_guardrail1"}
{"pos":[225.366821,41.4259491,24.659483],"rotationMatrix":[0.999433398,0.0335664116,0.00247652153,-0.0335665159,0.999436498,1.12762791e-07,-0.00247512222,-8.3240906e-05,0.99999696],"scale":1,"type":"hr_guardrail1"}
{"pos":[229.422913,41.4985809,24.6671066],"rotationMatrix":[0.999992609,-0.00322498777,0.00209744414,0.00322499522,0.999994814,-1.17567197e-07,-0.00209743297,6.88181399e-06,0.999997795],"scale":1.00000012,"type":"hr_guardrail1"}
{"pos":[233.473877,41.418396,24.6826591],"rotationMatrix":[0.999084949,-0.0421399027,0.00731414789,0.0421410277,0.999111652,-1.95388566e-07,-0.00730764261,0.000308420917,0.999973238],"scale":1,"type":"hr_guardrail1"}
{"pos":[237.517044,41.1771851,24.7291851],"rotationMatrix":[0.996438801,-0.0832068995,0.0136491954,0.0832146481,0.996531665,6.08270057e-08,-0.01360186,0.0011357523,0.999906838],"scale":1,"type":"hr_guardrail1"}
{"pos":[241.555542,40.7647705,24.7748528],"rotationMatrix":[0.991937041,-0.126431063,0.00872442685,0.126435861,0.991974771,1.48545951e-07,-0.00865443051,0.00110293308,0.999961913],"scale":1,"type":"hr_guardrail1"}
{"pos":[245.568573,40.1736298,24.8068123],"rotationMatrix":[0.985114992,-0.171731368,0.0075361575,0.171736255,0.985142946,9.19681042e-08,-0.00742420787,0.00129414082,0.999971628],"scale":0.99999994,"type":"hr_guardrail1"}
{"pos":[249.545532,39.3960114,24.8414116],"rotationMatrix":[0.975665331,-0.219000444,0.010771676,0.21901314,0.975721896,-1.34808943e-07,-0.0105101308,0.00235927012,0.999942005],"scale":1,"type":"hr_guardrail1"}
{"pos":[253.474838,38.4250183,24.8978424],"rotationMatrix":[0.963214695,-0.268048048,0.0191742629,0.268097341,0.96339184,-3.13622877e-07,-0.0184722431,0.00514087081,0.999816179],"scale":1,"type":"hr_guardrail1"}
{"pos":[257.351685,37.2519226,24.9928436],"rotationMatrix":[0.947591841,-0.318661124,0.0229090415,0.318744749,0.947840571,5.14555722e-07,-0.021714285,0.00730164954,0.999737561],"scale":1.00000012,"type":"hr_guardrail1"}
{"pos":[261.168091,35.8682861,25.0721989],"rotationMatrix":[0.928679585,-0.370539904,0.0159487743,0.370587051,0.928797722,1.86730176e-07,-0.0148132555,0.00591023546,0.999872804],"scale":1,"type":"hr_guardrail1"}
{"pos":[264.896881,34.2740784,25.1317711],"rotationMatrix":[0.905942559,-0.423167974,0.0140348207,0.423209637,0.906031787,2.49128789e-08,-0.0127160046,0.00593964849,0.999901533],"scale":0.99999994,"type":"hr_guardrail1"}
{"pos":[268.522095,32.467926,25.1934433],"rotationMatrix":[0.879230142,-0.47605896,0.0179511216,0.476135671,0.879371822,-2.6402995e-07,-0.0157855842,0.00854740106,0.999838889],"scale":1,"type":"hr_guardrail1"}
{"pos":[283.231201,-71.1982117,26.5170841],"rotationMatrix":[-0.73173213,-0.681526184,-0.00949841645,0.68155694,-0.731765151,-2.57976353e-07,-0.00695043383,-0.00647389982,0.999954879],"scale":1,"type":"hr_guardrail1"}
{"pos":[280.188538,-73.8663635,26.4959373],"rotationMatrix":[-0.777194858,-0.629255295,-0.00245133392,0.629257202,-0.777197123,4.13390808e-07,-0.00190542988,-0.00154219824,0.99999702],"scale":1,"type":"hr_guardrail1"}
{"pos":[276.953796,-76.328949,26.4556007],"rotationMatrix":[-0.818539023,-0.574171722,-0.0179058723,0.574263752,-0.818670273,3.63215804e-07,-0.0146592148,-0.0102823973,0.999839664],"scale":1,"type":"hr_guardrail1"}
{"pos":[273.564362,-78.5590973,26.3685837],"rotationMatrix":[-0.855571032,-0.517113745,-0.0243259761,0.51726681,-0.855824232,1.29919499e-07,-0.0208188277,-0.0125829093,0.999704063],"scale":1,"type":"hr_guardrail1"}
{"pos":[270.038269,-80.5521698,26.270359],"rotationMatrix":[-0.888178825,-0.458946109,-0.0225196537,0.459062517,-0.888404131,-1.41561031e-07,-0.0200064834,-0.010338054,0.999746382],"scale":1,"type":"hr_guardrail1"}
{"pos":[266.38916,-82.3082123,26.1919518],"rotationMatrix":[-0.916149855,-0.40037778,-0.0191556085,0.400451273,-0.916318059,3.83006409e-07,-0.0175527837,-0.00767053664,0.999816537],"scale":1,"type":"hr_guardrail1"}
{"pos":[262.622864,-83.8315735,26.0885887],"rotationMatrix":[-0.939196706,-0.341908276,-0.0317561179,0.342080772,-0.939670563,4.02331352e-07,-0.0298404265,-0.0108627798,0.999495625],"scale":1,"type":"hr_guardrail1"}
{"pos":[258.777283,-85.1162872,25.9502258],"rotationMatrix":[-0.958039045,-0.284434944,-0.0354687534,0.284614056,-0.958642244,-3.22237611e-07,-0.034001749,-0.0100952135,0.999370813],"scale":1,"type":"hr_guardrail1"}
{"pos":[254.868149,-86.1688232,25.8108711],"rotationMatrix":[-0.973027587,-0.228528202,-0.0314968191,0.228641659,-0.973510623,-2.59373337e-07,-0.0306624286,-0.00720173679,0.999503851],"scale":1,"type":"hr_guardrail1"}
{"pos":[250.909805,-86.9975128,25.6995068],"rotationMatrix":[-0.984420538,-0.174567863,-0.0210342407,0.174606517,-0.984638453,-5.70900738e-07,-0.0207110196,-0.00367327733,0.999778748],"scale":1,"type":"hr_guardrail1"}
{"pos":[246.902008,-87.6134796,25.6152687],"rotationMatrix":[-0.992183924,-0.122777559,-0.0222861581,0.122808062,-0.992430449,-4.85451892e-08,-0.0221174546,-0.00273696799,0.999751627],"scale":1,"type":"hr_guardrail1"}
{"pos":[242.866974,-88.023468,25.5203323],"rotationMatrix":[-0.996991634,-0.0734966174,-0.0246079303,0.0735188797,-0.997293711,-1.63563527e-08,-0.024541337,-0.00180916395,0.999697208],"scale":1,"type":"hr_guardrail1"}
{"pos":[238.817444,-88.2379913,25.4176407],"rotationMatrix":[-0.999303579,-0.0267578587,-0.026014233,0.0267669149,-0.999641776,5.35801519e-08,-0.0260049123,-0.000696267234,0.999661565],"scale":1.00000012,"type":"hr_guardrail1"}
{"pos":[234.762848,-88.2676239,25.3106689],"rotationMatrix":[-0.999495029,0.017313445,-0.0266379658,-0.0173195917,-0.999849916,8.13306542e-08,-0.0266339686,0.000461440068,0.999645174],"scale":1,"type":"hr_guardrail1"}
{"pos":[230.710938,-88.1229401,25.2023735],"rotationMatrix":[-0.997949243,0.058213111,-0.0266173277,-0.0582337417,-0.998302937,-3.84170562e-09,-0.0265721586,0.00155002286,0.99964571],"scale":1,"type":"hr_guardrail1"}
{"pos":[226.659454,-87.8796387,25.0926361],"rotationMatrix":[-0.997823,0.0601239838,-0.0270999689,-0.0601460747,-0.998189569,-7.1071554e-08,-0.0270509105,0.00162988575,0.999632716],"scale":1,"type":"hr_guardrail1"}
{"pos":[222.609955,-87.6356506,24.9855423],"rotationMatrix":[-0.997877002,0.0601549372,-0.0249613374,-0.0601736829,-0.998188019,2.85217538e-09,-0.024916105,0.00150201842,0.999688447],"scale":1,"type":"hr_guardrail1"}
{"pos":[218.559937,-87.3914948,24.8889046],"rotationMatrix":[-0.997920394,0.0601714067,-0.0231167693,-0.0601874925,-0.998187184,1.29628461e-07,-0.0230748523,0.00139146973,0.999732792],"scale":1,"type":"hr_guardrail1"}
{"pos":[214.507874,-87.1470642,24.7946701],"rotationMatrix":[-0.997905612,0.0602118187,-0.0236436967,-0.060228657,-0.998184681,1.35973096e-07,-0.0236007664,0.00142416381,0.999720454],"scale":1,"type":"hr_guardrail1"}
{"pos":[210.454605,-86.9024963,24.6954384],"rotationMatrix":[-0.997850895,0.0602323897,-0.0258064121,-0.0602524616,-0.99818325,1.61817297e-07,-0.0257595181,0.0015550612,0.999666989],"scale":1,"type":"hr_guardrail1"}
{"pos":[206.402679,-86.6578369,24.5881195],"rotationMatrix":[-0.997828484,0.0602549203,-0.0266042482,-0.0602762587,-0.998181701,7.1246177e-08,-0.0265558716,0.00160367566,0.999646068],"scale":1,"type":"hr_guardrail1"}
{"pos":[202.353363,-86.4133453,24.4833183],"rotationMatrix":[-0.997888207,0.060279537,-0.0241974592,-0.0602971949,-0.998180509,4.51691449e-08,-0.02415343,0.0014590841,0.999707222],"scale":1,"type":"hr_guardrail1"}
{"pos":[198.302979,-86.1687469,24.3888512],"rotationMatrix":[-0.997923017,0.0602847449,-0.0227021798,-0.0603002869,-0.99818027,-3.12575139e-08,-0.0226608701,0.00136891683,0.99974227],"scale":1,"type":"hr_guardrail1"}
{"pos":[194.252823,-85.924057,24.2994232],"rotationMatrix":[-0.997962475,0.0602835529,-0.0208950248,-0.060296718,-0.998180389,-2.91038305e-09,-0.0208570082,0.00125989865,0.999781668],"scale":1.00000012,"type":"hr_guardrail1"}
{"pos":[190.203583,-85.6794739,24.2196522],"rotationMatrix":[-0.998022914,0.0603022501,-0.01771212,-0.0603117123,-0.998179555,-6.68223947e-08,-0.0176798813,0.00106818171,0.999843121],"scale":1,"type":"hr_guardrail1"}
{"pos":[186.154022,-85.4347839,24.1537971],"rotationMatrix":[-0.998074174,0.0602962635,-0.014575378,-0.060302671,-0.998180151,1.24244252e-07,-0.0145488447,0.000879058149,0.999893785],"scale":1,"type":"hr_guardrail1"}
{"pos":[182.103088,-85.1899872,24.0979862],"rotationMatrix":[-0.998094678,0.0603287928,-0.0129489405,-0.0603338517,-0.998178363,1.74361048e-07,-0.0129253408,0.000781433424,0.999916136],"scale":1,"type":"hr_guardrail1"}
{"pos":[178.051483,-84.9452515,24.0466194],"rotationMatrix":[-0.998107791,0.0602942258,-0.0120762717,-0.0602986217,-0.998180509,-8.20436981e-08,-0.0120543018,0.000728100538,0.999927104],"scale":1,"type":"hr_guardrail1"}
{"pos":[174.001129,-84.7005615,24.0013866],"rotationMatrix":[-0.998133183,0.0603184626,-0.00958092231,-0.0603212342,-0.998179078,2.2695167e-07,-0.00956346188,0.000578159583,0.999954104],"scale":1,"type":"hr_guardrail1"}
{"pos":[169.952118,-84.4559021,23.9693527],"rotationMatrix":[-0.998165607,0.0603089556,-0.00533776078,-0.0603098124,-0.998179793,1.6958802e-07,-0.00532803405,0.000322088628,0.999985754],"scale":1,"type":"hr_guardrail1"}
{"pos":[165.898315,-84.2110748,23.9453564],"rotationMatrix":[-0.99815917,0.0602674894,-0.00678736297,-0.0602688752,-0.998182178,1.09750545e-07,-0.00677501829,0.00040917634,0.999976993],"scale":1,"type":"hr_guardrail1"}
{"pos":[161.847748,-83.9663849,23.9204712],"rotationMatrix":[-0.998172045,0.0602847375,-0.00430342695,-0.0602852963,-0.998181343,2.32714228e-07,-0.00429558614,0.000259665656,0.999990761],"scale":1.00000012,"type":"hr_guardrail1"}
{"pos":[157.800354,-83.7220306,23.9142189],"rotationMatrix":[-0.998180032,0.0602694638,0.00205451949,-0.0602695905,-0.998182178,2.75613274e-08,0.00205078628,-0.000123797538,0.999997914],"scale":1,"type":"hr_guardrail1"}
{"pos":[153.750473,-83.477478,23.9288597],"rotationMatrix":[-0.998170614,0.0602199286,0.00537607912,-0.0602208003,-0.998185039,2.2588938e-07,0.00536633562,-0.000323526328,0.999985576],"scale":1,"type":"hr_guardrail1"}
{"pos":[149.699402,-83.233017,23.9544411],"rotationMatrix":[-0.998157501,0.0602408797,0.00724468334,-0.0602424592,-0.998183727,1.16764568e-07,0.00723153213,-0.000436321017,0.999973774],"scale":1,"type":"hr_guardrail1"}
{"pos":[145.647232,-82.9885101,23.9849129],"rotationMatrix":[-0.998155832,0.0602087677,0.00773890037,-0.0602105707,-0.998185754,9.35833668e-08,0.00772486534,-0.000465870195,0.999970078],"scale":1,"type":"hr_guardrail1"}
{"pos":[141.596649,-82.7441864,24.0195236],"rotationMatrix":[-0.998135567,0.060188923,0.0101242661,-0.0601920076,-0.998186827,2.79396772e-09,0.0101059098,-0.000609397131,0.99994874],"scale":1.00000012,"type":"hr_guardrail1"}
{"pos":[137.54863,-82.5000916,24.0688057],"rotationMatrix":[-0.998070359,0.0601544194,0.0153940106,-0.0601615496,-0.998188615,-3.96103133e-08,0.0153661249,-0.000926167122,0.999881506],"scale":1,"type":"hr_guardrail1"}
{"pos":[133.496017,-82.2558746,24.1317596],"rotationMatrix":[-0.99807775,0.0601398125,0.0149669889,-0.0601465479,-0.998189569,-1.6472768e-08,0.0149398912,-0.000900229206,0.999888003],"scale":1,"type":"hr_guardrail1"}
{"pos":[129.445465,-82.0118408,24.1946964],"rotationMatrix":[-0.998047471,0.0601024143,0.0169940945,-0.0601110943,-0.998191595,-2.27009878e-09,0.0169633646,-0.00102153583,0.999855578],"scale":1,"type":"hr_guardrail1"}
{"pos":[125.397041,-81.7680969,24.2725239],"rotationMatrix":[-0.99796772,0.0600734837,0.021251779,-0.0600870512,-0.998193145,1.49360858e-07,0.0212133899,-0.00127680774,0.999774158],"scale":1,"type":"hr_guardrail1"}
{"pos":[121.345703,-81.5241089,24.3591042],"rotationMatrix":[-0.997951984,0.0601410717,0.0217944384,-0.0601553544,-0.998189092,1.17404852e-07,0.0217549764,-0.00131093501,0.999762475],"scale":1.00000012,"type":"hr_guardrail1"}
{"pos":[117.294609,-81.2800751,24.4506226],"rotationMatrix":[-0.997946262,0.0599673651,0.022522524,-0.0599825792,-0.998199463,2.21189111e-09,0.0224819705,-0.00135095685,0.999746323],"scale":1,"type":"hr_guardrail1"}
{"pos":[99.1729279,-80.2204895,24.5734138],"rotationMatrix":[-0.997857809,0.0579683445,0.0303189978,-0.0579950027,-0.998316765,5.28525561e-08,0.0302679688,-0.00175829779,0.999540269],"scale":1.00000012,"type":"hr_guardrail1"}
{"pos":[95.1164932,-79.9849243,24.6876297],"rotationMatrix":[-0.998095036,0.0579565689,0.0211561956,-0.0579695478,-0.998318434,-1.74855813e-07,0.0211206079,-0.00122658955,0.999776185],"scale":0.99999994,"type":"hr_guardrail1"}
{"pos":[91.0686188,-79.7498322,24.7924461],"rotationMatrix":[-0.997893572,0.0579561032,0.0291452836,-0.0579807274,-0.998317719,1.58441253e-07,0.0290962625,-0.0016897067,0.999575198],"scale":1,"type":"hr_guardrail1"}
{"pos":[87.01828,-79.5146179,24.9152527],"rotationMatrix":[-0.997823,0.0580123961,0.0313620754,-0.0580409467,-0.998314142,-8.62637535e-08,0.0313091986,-0.00182037079,0.999508083],"scale":1,"type":"hr_guardrail1"}
{"pos":[82.9672623,-79.2184296,25.0195045],"rotationMatrix":[-0.995076895,0.0975735411,0.0173638966,-0.0975882486,-0.995226979,1.76660251e-07,0.017281035,-0.0016943363,0.99984926],"scale":0.99999994,"type":"hr_guardrail1"}
{"pos":[78.9360962,-78.7421722,25.0728073],"rotationMatrix":[-0.989522576,0.144083872,0.00921798497,-0.144089982,-0.989564657,1.1746306e-07,0.00912180915,-0.00132810313,0.999957502],"scale":1,"type":"hr_guardrail1"}
{"pos":[74.9377289,-78.0727844,25.1093979],"rotationMatrix":[-0.981035709,0.193523332,0.0108540906,-0.193534747,-0.981093407,-3.02796252e-07,0.0106488178,-0.00210094033,0.999941111],"scale":1.00000012,"type":"hr_guardrail1"}
{"pos":[70.9832916,-77.1988373,25.1724205],"rotationMatrix":[-0.969112158,0.245874092,0.0191726852,-0.245919272,-0.969290257,5.07570803e-07,0.0185840223,-0.00471444102,0.999816179],"scale":1.00000012,"type":"hr_guardrail1"}
{"pos":[67.0757828,-76.1057739,25.2341576],"rotationMatrix":[-0.953538299,0.301044196,0.0117074037,-0.301064819,-0.953603745,2.6775524e-08,0.0111642322,-0.00352466176,0.999931455],"scale":0.99999994,"type":"hr_guardrail1"}
