{"pos":[129.658569,-394.124176,30.4527588],"rotationMatrix":[-0.853417277,0.520557225,-0.0264437683,-0.520739377,-0.853715777,2.54251063e-07,-0.02257533,0.0137705281,0.9996503],"scale":0.99999994,"type":"hr_guardrail2"}
{"pos":[133.077225,-396.289246,30.564537],"rotationMatrix":[-0.835043192,0.549406588,-0.029242808,-0.549641669,-0.835400462,1.39698386e-08,-0.0244294498,0.0160730779,0.999572337],"scale":0.99999994,"type":"hr_guardrail2"}
{"pos":[136.416046,-398.574463,30.6934204],"rotationMatrix":[-0.814040065,0.579758406,-0.0349138007,-0.5801121,-0.814536691,2.79396772e-09,-0.0284385681,0.0202539191,0.999390304],"scale":0.999999881,"type":"hr_guardrail2"}
{"pos":[139.665405,-400.983765,30.8467827],"rotationMatrix":[-0.791010737,0.610542357,-0.0392428227,-0.611012995,-0.791620493,4.93600965e-08,-0.0310653932,0.023977913,0.999229729],"scale":0.99999994,"type":"hr_guardrail2"}
{"pos":[142.819031,-403.516693,31.0096512],"rotationMatrix":[-0.766834021,0.640502989,-0.0414921604,-0.641055048,-0.767494917,1.86264515e-09,-0.031845022,0.026598759,0.999138832],"scale":0.99999994,"type":"hr_guardrail2"}
{"pos":[145.873749,-406.167145,31.1848068],"rotationMatrix":[-0.742333055,0.668499589,-0.0452776738,-0.669185877,-0.74309516,2.38418579e-07,-0.0336454548,0.0302993562,0.998974442],"scale":1,"type":"hr_guardrail2"}
{"pos":[148.830231,-408.925598,31.3777275],"rotationMatrix":[-0.718490958,0.69374907,-0.0498279184,-0.694611907,-0.719384551,-7.07805157e-08,-0.0358454883,0.0346110165,0.998757839],"scale":0.99999994,"type":"hr_guardrail2"}
{"pos":[151.693146,-411.780273,31.5834312],"rotationMatrix":[-0.696206331,0.716008604,-0.0512701422,-0.716951549,-0.69712317,-3.16649675e-08,-0.0357416198,0.0367581844,0.998684824],"scale":1,"type":"hr_guardrail2"}
{"pos":[154.470032,-414.71875,31.7890511],"rotationMatrix":[-0.676045299,0.73516953,-0.0498839021,-0.736085892,-0.676887989,2.42143869e-08,-0.0337658003,0.0367188603,0.998755038],"scale":0.99999994,"type":"hr_guardrail2"}
{"pos":[157.169907,-417.72876,31.9843349],"rotationMatrix":[-0.658197284,0.751422703,-0.0462629013,-0.752228081,-0.658902764,1.3038516e-07,-0.0304826535,0.0348003432,0.998929322],"scale":1,"type":"hr_guardrail2"}
{"pos":[129.665924,-394.128662,30.1270332],"rotationMatrix":[-0.853417277,0.520557225,-0.0264437683,-0.520739377,-0.853715777,2.54251063e-07,-0.02257533,0.0137705281,0.9996503],"scale":0.99999994,"type":"hr_guardrail2"}
{"pos":[133.085175,-396.294495,30.2388363],"rotationMatrix":[-0.835043192,0.549406588,-0.029242808,-0.549641669,-0.835400462,1.39698386e-08,-0.0244294498,0.0160730779,0.999572337],"scale":0.99999994,"type":"hr_guardrail2"}
{"pos":[136.425323,-398.581085,30.3677807],"rotationMatrix":[-0.814040065,0.579758406,-0.0349138007,-0.5801121,-0.814536691,2.79396772e-09,-0.0284385681,0.0202539191,0.999390304],"scale":0.999999881,"type":"hr_guardrail2"}
{"pos":[139.675522,-400.991577,30.5211926],"rotationMatrix":[-0.791010737,0.610542357,-0.0392428227,-0.611012995,-0.791620493,4.93600965e-08,-0.0310653932,0.023977913,0.999229729],"scale":0.99999994,"type":"hr_guardrail2"}
{"pos":[142.829407,-403.52536,30.6840916],"rotationMatrix":[-0.766834021,0.640502989,-0.0414921604,-0.641055048,-0.767494917,1.86264515e-09,-0.031845022,0.026598759,0.999138832],"scale":0.99999994,"type":"hr_guardrail2"}
{"pos":[145.884705,-406.177002,30.8592987],"rotationMatrix":[-0.742333055,0.668499589,-0.0452776738,-0.669185877,-0.74309516,2.38418579e-07,-0.0336454548,0.0302993562,0.998974442],"scale":1,"type":"hr_guardrail2"}
{"pos":[148.841919,-408.93689,31.0522919],"rotationMatrix":[-0.718490958,0.69374907,-0.0498279184,-0.694611907,-0.719384551,-7.07805157e-08,-0.0358454883,0.0346110165,0.998757839],"scale":0.99999994,"type":"hr_guardrail2"}
{"pos":[151.704803,-411.792236,31.2580204],"rotationMatrix":[-0.696206331,0.716008604,-0.0512701422,-0.716951549,-0.69712317,-3.16649675e-08,-0.0357416198,0.0367581844,0.998684824],"scale":1,"type":"hr_guardrail2"}
{"pos":[154.481049,-414.730743,31.4636154],"rotationMatrix":[-0.676045299,0.73516953,-0.0498839021,-0.736085892,-0.676887989,2.42143869e-08,-0.0337658003,0.0367188603,0.998755038],"scale":0.99999994,"type":"hr_guardrail2"}
{"pos":[157.17984,-417.740082,31.6588421],"rotationMatrix":[-0.658197284,0.751422703,-0.0462629013,-0.752228081,-0.658902764,1.3038516e-07,-0.0304826535,0.0348003432,0.998929322],"scale":1,"type":"hr_guardrail2"}
{"pos":[129.673279,-394.133148,29.8010044],"rotationMatrix":[-0.853417277,0.520557225,-0.0264437683,-0.520739377,-0.853715777,2.54251063e-07,-0.02257533,0.0137705281,0.9996503],"scale":0.99999994,"type":"hr_guardrail2"}
{"pos":[133.093155,-396.299744,29.9128323],"rotationMatrix":[-0.835043192,0.549406588,-0.029242808,-0.549641669,-0.835400462,1.39698386e-08,-0.0244294498,0.0160730779,0.999572337],"scale":0.99999994,"type":"hr_guardrail2"}
{"pos":[136.434601,-398.587708,30.0418358],"rotationMatrix":[-0.814040065,0.579758406,-0.0349138007,-0.5801121,-0.814536691,2.79396772e-09,-0.0284385681,0.0202539191,0.999390304],"scale":0.999999881,"type":"hr_guardrail2"}
{"pos":[139.685654,-400.99939,30.1953011],"rotationMatrix":[-0.791010737,0.610542357,-0.0392428227,-0.611012995,-0.791620493,4.93600965e-08,-0.0310653932,0.023977913,0.999229729],"scale":0.99999994,"type":"hr_guardrail2"}
{"pos":[142.839798,-403.534027,30.3582287],"rotationMatrix":[-0.766834021,0.640502989,-0.0414921604,-0.641055048,-0.767494917,1.86264515e-09,-0.031845022,0.026598759,0.999138832],"scale":0.99999994,"type":"hr_guardrail2"}
{"pos":[145.895691,-406.18689,30.5334911],"rotationMatrix":[-0.742333055,0.668499589,-0.0452776738,-0.669185877,-0.74309516,2.38418579e-07,-0.0336454548,0.0302993562,0.998974442],"scale":1,"type":"hr_guardrail2"}
{"pos":[148.853607,-408.948151,30.726553],"rotationMatrix":[-0.718490958,0.69374907,-0.0498279184,-0.694611907,-0.719384551,-7.07805157e-08,-0.0358454883,0.0346110165,0.998757839],"scale":0.99999994,"type":"hr_guardrail2"}
{"pos":[151.716461,-411.80426,30.9323063],"rotationMatrix":[-0.696206331,0.716008604,-0.0512701422,-0.716951549,-0.69712317,-3.16649675e-08,-0.0357416198,0.0367581844,0.998684824],"scale":1,"type":"hr_guardrail2"}
{"pos":[154.49205,-414.742706,31.1378784],"rotationMatrix":[-0.676045299,0.73516953,-0.0498839021,-0.736085892,-0.676887989,2.42143869e-08,-0.0337658003,0.0367188603,0.998755038],"scale":0.99999994,"type":"hr_guardrail2"}
{"pos":[157.189789,-417.751434,31.3330479],"rotationMatrix":[-0.658197284,0.751422703,-0.0462629013,-0.752228081,-0.658902764,1.3038516e-07,-0.0304826535,0.0348003432,0.998929322],"scale":1,"type":"hr_guardrail2"}
{"pos":[408.903839,-34.5904999,27.3348942],"rotationMatrix":[-0.55914402,0.826895833,-0.0600107163,-0.82838881,-0.560153604,1.95577741e-07,-0.0336150527,0.0497123152,0.998197734],"scale":0.99999994,"type":"hr_guardrail2"}
{"pos":[222.052765,-132.999954,27.3722992],"rotationMatrix":[0.878581166,0.476479322,0.032598298,-0.476732701,0.879048347,-8.84756446e-09,-0.0286554825,-0.015540665,0.999468505],"scale":0.99999994,"type":"hr_guardrail2"}
{"pos":[218.532471,-134.986267,27.2476654],"rotationMatrix":[0.861890674,0.506288707,0.0285699461,-0.506495416,0.862242639,1.09896064e-07,-0.0246341694,-0.0144706415,0.999591768],"scale":1,"type":"hr_guardrail2"}
{"pos":[215.082901,-137.090134,27.1442013],"rotationMatrix":[0.844984472,0.534339666,0.0219633505,-0.534468651,0.84518832,-7.86967576e-08,-0.018563211,-0.0117386561,0.99975878],"scale":0.99999994,"type":"hr_guardrail2"}
{"pos":[211.693039,-139.29422,27.0630684],"rotationMatrix":[0.832401693,0.5538764,0.0181184299,-0.553967357,0.832538366,5.96046448e-08,-0.0150842555,-0.0100370692,0.999835849],"scale":1,"type":"hr_guardrail2"}
{"pos":[208.335327,-141.547363,26.9976444],"rotationMatrix":[0.830263197,0.557191908,0.0141463652,-0.557247698,0.830346286,2.23517418e-08,-0.0117463693,-0.00788304769,0.999899924],"scale":0.99999994,"type":"hr_guardrail2"}
{"pos":[204.895721,-143.676041,26.9416447],"rotationMatrix":[0.887506783,0.460571945,0.0143245198,-0.460619211,0.887597859,-1.08731911e-07,-0.0127144624,-0.00659805164,0.99989742],"scale":0.99999994,"type":"hr_guardrail2"}
{"pos":[201.077393,-144.95816,26.8788795],"rotationMatrix":[0.991344571,0.130205348,0.0168097485,-0.130223736,0.991484642,-1.02329068e-07,-0.0166666191,-0.00218892703,0.999858677],"scale":1,"type":"hr_guardrail2"}
{"pos":[197.04718,-144.792618,26.8185692],"rotationMatrix":[0.982934296,-0.182694241,0.0215167794,0.182736561,0.983161926,-8.30972567e-07,-0.0211543273,0.00393271912,0.999768496],"scale":1,"type":"hr_guardrail2"}
{"pos":[193.122406,-143.735229,26.6746635],"rotationMatrix":[0.946712077,-0.318138391,0.0502419658,0.318540722,0.947909176,-3.12924385e-07,-0.0476247184,0.0160044078,0.998737097],"scale":1,"type":"hr_guardrail2"}
{"pos":[408.914795,-34.6066895,27.0096416],"rotationMatrix":[-0.55914402,0.826895833,-0.0600107163,-0.82838881,-0.560153604,1.95577741e-07,-0.0336150527,0.0497123152,0.998197734],"scale":0.99999994,"type":"hr_guardrail2"}
{"pos":[222.062103,-132.994888,27.0466347],"rotationMatrix":[0.878581166,0.476479322,0.032598298,-0.476732701,0.879048347,-8.84756446e-09,-0.0286554825,-0.015540665,0.999468505],"scale":0.99999994,"type":"hr_guardrail2"}
{"pos":[218.540497,-134.981552,26.9219589],"rotationMatrix":[0.861890674,0.506288707,0.0285699461,-0.506495416,0.862242639,1.09896064e-07,-0.0246341694,-0.0144706415,0.999591768],"scale":1,"type":"hr_guardrail2"}
{"pos":[215.088959,-137.086319,26.8184395],"rotationMatrix":[0.844984472,0.534339666,0.0219633505,-0.534468651,0.84518832,-7.86967576e-08,-0.018563211,-0.0117386561,0.99975878],"scale":0.99999994,"type":"hr_guardrail2"}
{"pos":[211.697952,-139.290955,26.7372818],"rotationMatrix":[0.832401693,0.5538764,0.0181184299,-0.553967357,0.832538366,5.96046448e-08,-0.0150842555,-0.0100370692,0.999835849],"scale":1,"type":"hr_guardrail2"}
{"pos":[208.339142,-141.5448,26.6718369],"rotationMatrix":[0.830263197,0.557191908,0.0141463652,-0.557247698,0.830346286,2.23517418e-08,-0.0117463693,-0.00788304769,0.999899924],"scale":0.99999994,"type":"hr_guardrail2"}
{"pos":[204.899872,-143.673889,26.6158371],"rotationMatrix":[0.887506783,0.460571945,0.0143245198,-0.460619211,0.887597859,-1.08731911e-07,-0.0127144624,-0.00659805164,0.99989742],"scale":0.99999994,"type":"hr_guardrail2"}
{"pos":[201.082825,-144.957443,26.5530853],"rotationMatrix":[0.991344571,0.130205348,0.0168097485,-0.130223736,0.991484642,-1.02329068e-07,-0.0166666191,-0.00218892703,0.999858677],"scale":1,"type":"hr_guardrail2"}
{"pos":[197.054077,-144.7939,26.4928036],"rotationMatrix":[0.982934296,-0.182694241,0.0215167794,0.182736561,0.983161926,-8.30972567e-07,-0.0211543273,0.00393271912,0.999768496],"scale":1,"type":"hr_guardrail2"}
{"pos":[193.137924,-143.740417,26.3492355],"rotationMatrix":[0.946712077,-0.318138391,0.0502419658,0.318540722,0.947909176,-3.12924385e-07,-0.0476247184,0.0160044078,0.998737097],"scale":1,"type":"hr_guardrail2"}
{"pos":[408.925781,-34.6229095,26.6840839],"rotationMatrix":[-0.55914402,0.826895833,-0.0600107163,-0.82838881,-0.560153604,1.95577741e-07,-0.0336150527,0.0497123152,0.998197734],"scale":0.99999994,"type":"hr_guardrail2"}
{"pos":[222.071442,-132.989822,26.7206631],"rotationMatrix":[0.878581166,0.476479322,0.032598298,-0.476732701,0.879048347,-8.84756446e-09,-0.0286554825,-0.015540665,0.999468505],"scale":0.99999994,"type":"hr_guardrail2"}
{"pos":[218.548523,-134.976837,26.5959492],"rotationMatrix":[0.861890674,0.506288707,0.0285699461,-0.506495416,0.862242639,1.09896064e-07,-0.0246341694,-0.0144706415,0.999591768],"scale":1,"type":"hr_guardrail2"}
{"pos":[215.095001,-137.082489,26.4923744],"rotationMatrix":[0.844984472,0.534339666,0.0219633505,-0.534468651,0.84518832,-7.86967576e-08,-0.018563211,-0.0117386561,0.99975878],"scale":0.99999994,"type":"hr_guardrail2"}
{"pos":[211.702881,-139.287674,26.4111938],"rotationMatrix":[0.832401693,0.5538764,0.0181184299,-0.553967357,0.832538366,5.96046448e-08,-0.0150842555,-0.0100370692,0.999835849],"scale":1,"type":"hr_guardrail2"}
{"pos":[208.342987,-141.542236,26.345726],"rotationMatrix":[0.830263197,0.557191908,0.0141463652,-0.557247698,0.830346286,2.23517418e-08,-0.0117463693,-0.00788304769,0.999899924],"scale":0.99999994,"type":"hr_guardrail2"}
{"pos":[204.904022,-143.671738,26.2897282],"rotationMatrix":[0.887506783,0.460571945,0.0143245198,-0.460619211,0.887597859,-1.08731911e-07,-0.0127144624,-0.00659805164,0.99989742],"scale":0.99999994,"type":"hr_guardrail2"}
{"pos":[201.088257,-144.956741,26.2269878],"rotationMatrix":[0.991344571,0.130205348,0.0168097485,-0.130223736,0.991484642,-1.02329068e-07,-0.0166666191,-0.00218892703,0.999858677],"scale":1,"type":"hr_guardrail2"}
{"pos":[197.060974,-144.795181,26.1667366],"rotationMatrix":[0.982934296,-0.182694241,0.0215167794,0.182736561,0.983161926,-8.30972567e-07,-0.0211543273,0.00393271912,0.999768496],"scale":1,"type":"hr_guardrail2"}
{"pos":[193.153458,-143.745636,26.0235023],"rotationMatrix":[0.946712077,-0.318138391,0.0502419658,0.318540722,0.947909176,-3.12924385e-07,-0.0476247184,0.0160044078,0.998737097],"scale":1,"type":"hr_guardrail2"}
{"pos":[97.157486,-80.1035156,24.9607811],"rotationMatrix":[-0.997849464,0.0579661839,0.0306033213,-0.0579933338,-0.998317122,3.43599822e-07,0.030551834,-0.00177444564,0.999531627],"scale":1,"type":"hr_guardrail2"}
{"pos":[93.1019897,-79.8680115,25.0616913],"rotationMatrix":[-0.997956395,0.0579595119,0.0268991999,-0.0579804778,-0.998317599,5.16767614e-07,0.0268539786,-0.00155911292,0.99963814],"scale":1,"type":"hr_guardrail2"}
{"pos":[89.0534668,-79.6329041,25.1783543],"rotationMatrix":[-0.997853994,0.057951659,0.0304755569,-0.0579785854,-0.998317719,1.46043021e-07,0.0304243006,-0.00176678412,0.999535501],"scale":0.99999994,"type":"hr_guardrail2"}
{"pos":[84.9992599,-79.3882141,25.3010101],"rotationMatrix":[-0.996853352,0.0753891021,0.024489712,-0.0754117072,-0.997152328,5.21889888e-07,0.0244200155,-0.00184629089,0.999700069],"scale":0.99999994,"type":"hr_guardrail2"}
{"pos":[80.9522781,-79.0043488,25.3764496],"rotationMatrix":[-0.99264276,0.120463215,0.012194505,-0.12047217,-0.992716551,1.74914021e-07,0.0121057089,-0.00146892481,0.999925673],"scale":1,"type":"hr_guardrail2"}
{"pos":[76.9347992,-78.4328308,25.4165077],"rotationMatrix":[-0.985675097,0.168430969,0.00868078228,-0.168437317,-0.98571229,-2.10129656e-08,0.0085567506,-0.00146218855,0.99996233],"scale":1,"type":"hr_guardrail2"}
{"pos":[72.960144,-77.6634827,25.4604568],"rotationMatrix":[-0.975521207,0.219319835,0.0160297826,-0.219348028,-0.975646615,-3.87779437e-07,0.01563932,-0.0035164794,0.999871492],"scale":1,"type":"hr_guardrail2"}
{"pos":[69.0256424,-76.6814728,25.5332432],"rotationMatrix":[-0.961873174,0.273121536,0.0143005615,-0.27314949,-0.961971641,4.62052412e-07,0.013756861,-0.00390574662,0.999897718],"scale":1.00000012,"type":"hr_guardrail2"}
{"pos":[65.1530151,-75.4762268,25.5832291],"rotationMatrix":[-0.944065809,0.329551756,0.0116397552,-0.329574108,-0.944129705,-7.35744834e-08,0.0109894145,-0.00383623131,0.99993223],"scale":1,"type":"hr_guardrail2"}
{"pos":[37.4346619,-0.12153244,26.0587997],"rotationMatrix":[0.558161616,0.829667807,-0.0103402501,-0.829712152,0.558191538,3.7625432e-07,0.00577215198,0.00857922062,0.999946535],"scale":1.00000024,"type":"hr_guardrail2"}
{"pos":[39.8209229,3.16436768,25.9903908],"rotationMatrix":[0.624580145,0.780629516,-0.0227445625,-0.780831456,0.624741793,1.41561031e-07,0.0142095899,0.017759582,0.999741316],"scale":1,"type":"hr_guardrail2"}
{"pos":[42.4629822,6.23348236,25.8947906],"rotationMatrix":[0.68674767,0.726557314,-0.0221843142,-0.726736128,0.686916709,6.51925802e-08,0.0152388234,0.016122099,0.999753892],"scale":0.99999994,"type":"hr_guardrail2"}
{"pos":[45.3500824,9.07711029,25.8118839],"rotationMatrix":[0.743782341,0.667972505,-0.0245073009,-0.668173134,0.744005799,4.09781933e-07,0.0182338487,0.0163748153,0.999699652],"scale":1.00000024,"type":"hr_guardrail2"}
{"pos":[48.4602051,11.67733,25.6994324],"rotationMatrix":[0.795182943,0.60565865,-0.0293551423,-0.605919719,0.795525789,1.29453838e-07,0.0233528502,0.0177867599,0.999569058],"scale":0.99999994,"type":"hr_guardrail2"}
{"pos":[51.7604218,14.0145264,25.5892353],"rotationMatrix":[0.840800107,0.54089427,-0.022102654,-0.541026473,0.841005564,-1.83004886e-07,0.0185883567,0.011958275,0.999755681],"scale":1,"type":"hr_guardrail2"}
{"pos":[55.2436523,16.0920258,25.497982],"rotationMatrix":[0.879867971,0.474399656,-0.0278802738,-0.474584132,0.880210161,4.56348062e-07,0.0245407149,0.0132311331,0.999611259],"scale":1.00000012,"type":"hr_guardrail2"}
{"pos":[58.8716583,17.8968201,25.3772812],"rotationMatrix":[0.912755072,0.407415867,-0.0298409183,-0.407597363,0.913161755,-4.19095159e-08,0.0272495691,0.0121631185,0.999554634],"scale":0.999999881,"type":"hr_guardrail2"}
{"pos":[62.6142273,19.4276733,25.2686119],"rotationMatrix":[0.939813554,0.341049075,-0.020880146,-0.341123462,0.940018535,-3.48081812e-07,0.0196276065,0.00712303445,0.999781966],"scale":1,"type":"hr_guardrail2"}
{"pos":[66.4627533,20.6947021,25.1904373],"rotationMatrix":[0.960946977,0.275977314,-0.0204318222,-0.276034951,0.961147606,1.61118805e-07,0.019638041,0.00563974213,0.999791265],"scale":0.99999994,"type":"hr_guardrail2"}
{"pos":[70.3904037,21.7019958,25.1023102],"rotationMatrix":[0.976779044,0.212981135,-0.0232760478,-0.213038862,0.977043748,1.32946298e-07,0.0227417443,0.0049585728,0.999729097],"scale":0.999999881,"type":"hr_guardrail2"}
{"pos":[74.3737183,22.4582062,25.0033531],"rotationMatrix":[0.987948775,0.152629942,-0.0257171895,-0.152680427,0.988275588,-7.10133463e-08,0.0254156608,0.0039265817,0.999669254],"scale":1,"type":"hr_guardrail2"}
{"pos":[78.3926544,23.0044098,24.8974667],"rotationMatrix":[0.991485596,0.127722397,-0.0253644232,-0.127763495,0.991804659,-9.42964107e-09,0.025156552,0.00324065704,0.999678254],"scale":0.99999994,"type":"hr_guardrail2"}
{"pos":[82.4173279,23.5228577,24.7968273],"rotationMatrix":[0.991511464,0.127724037,-0.0243226811,-0.127761826,0.991804898,-5.27361408e-08,0.0241233483,0.0031075622,0.999704182],"scale":1.00000012,"type":"hr_guardrail2"}
{"pos":[86.4428253,24.0414276,24.6980209],"rotationMatrix":[0.991512001,0.12772651,-0.0242880881,-0.12776421,0.9918046,7.83475116e-08,0.0240890458,0.00310307043,0.999705017],"scale":1,"type":"hr_guardrail2"}
{"pos":[90.4685211,24.5599976,24.5996361],"rotationMatrix":[0.991511226,0.127726406,-0.0243205167,-0.127764195,0.9918046,4.84287739e-08,0.0241212063,0.00310724322,0.999704242],"scale":0.99999994,"type":"hr_guardrail2"}
{"pos":[94.494812,25.0786438,24.4996681],"rotationMatrix":[0.991489708,0.12773037,-0.0251621306,-0.127770811,0.991803706,7.20610842e-08,0.0249559022,0.00321491435,0.99968338],"scale":1,"type":"hr_guardrail2"}
{"pos":[98.519928,25.5971985,24.3973713],"rotationMatrix":[0.991499722,0.127728775,-0.024772644,-0.127767995,0.991804063,2.15601176e-07,0.0245696381,0.00316493702,0.999693096],"scale":0.99999994,"type":"hr_guardrail2"}
{"pos":[102.543472,26.1155243,24.3006973],"rotationMatrix":[0.991560936,0.127733529,-0.0221606791,-0.12776491,0.991804481,-3.06172296e-08,0.0219790563,0.0028313878,0.999754429],"scale":1,"type":"hr_guardrail2"}
{"pos":[106.56813,26.6339722,24.2157669],"rotationMatrix":[0.991592526,0.127736643,-0.0206801333,-0.127763972,0.9918046,8.35862011e-08,0.0205106623,0.00264209276,0.999786139],"scale":0.99999994,"type":"hr_guardrail2"}
{"pos":[110.59346,27.1525116,24.1323376],"rotationMatrix":[0.991607726,0.127735958,-0.0199418422,-0.127761379,0.991804957,-7.10133463e-09,0.0197784174,0.0025478038,0.999801159],"scale":0.99999994,"type":"hr_guardrail2"}
{"pos":[114.617462,27.6708832,24.0559196],"rotationMatrix":[0.991656244,0.127733558,-0.017380584,-0.127752841,0.99180603,1.08382665e-07,0.0172381811,0.00222031167,0.999848962],"scale":1,"type":"hr_guardrail2"}
{"pos":[118.644897,28.1896667,23.9810448],"rotationMatrix":[0.991624534,0.127738357,-0.0190697126,-0.127761602,0.991804898,8.98726285e-08,0.0189134479,0.0024362877,0.999818146],"scale":1,"type":"hr_guardrail2"}
{"pos":[122.66938,28.7080994,23.90625],"rotationMatrix":[0.991664231,0.127744675,-0.0168327149,-0.127762765,0.991804779,1.89756975e-08,0.0166947674,0.00215057563,0.99985832],"scale":1.00000012,"type":"hr_guardrail2"}
{"pos":[126.692963,29.2264099,23.8452282],"rotationMatrix":[0.991714358,0.127748504,-0.0135244224,-0.127760187,0.991805077,1.26543455e-07,0.0134136081,0.00172775728,0.999908566],"scale":1,"type":"hr_guardrail2"}
{"pos":[130.717911,29.7449341,23.7935257],"rotationMatrix":[0.991737068,0.12775214,-0.0117060943,-0.127760902,0.991805017,1.25728548e-08,0.0116101643,0.00149556855,0.999931455],"scale":1,"type":"hr_guardrail2"}
{"pos":[134.742966,30.2633972,23.7491436],"rotationMatrix":[0.991755605,0.127760544,-0.00990457181,-0.127766803,0.991804242,1.16997398e-07,0.00982341077,0.00126535934,0.999950945],"scale":0.99999994,"type":"hr_guardrail2"}
{"pos":[138.768127,30.7819061,23.7123222],"rotationMatrix":[0.991772056,0.127757609,-0.00813349057,-0.127761841,0.991804898,-3.39350663e-08,0.00806683209,0.00103918347,0.999966919],"scale":1,"type":"hr_guardrail2"}
{"pos":[142.794052,31.3005371,23.6811466],"rotationMatrix":[0.991778433,0.127761304,-0.00725486781,-0.127764672,0.99180454,2.10682629e-07,0.00719543733,0.000926706824,0.999973655],"scale":0.999999881,"type":"hr_guardrail2"}
{"pos":[146.819489,31.8191071,23.6529408],"rotationMatrix":[0.991787791,0.127765402,-0.00573838176,-0.127767518,0.991804123,7.91042112e-08,0.00569136115,0.000733100285,0.999983549],"scale":1,"type":"hr_guardrail2"}
{"pos":[150.843155,32.3374634,23.6359177],"rotationMatrix":[0.991803348,0.127758756,-0.0019673768,-0.127758995,0.991805255,8.55361577e-08,0.0019512655,0.000251265243,0.999998093],"scale":0.99999994,"type":"hr_guardrail2"}
{"pos":[154.865906,32.8556519,23.6359863],"rotationMatrix":[0.991800964,0.127760842,0.00283426885,-0.127761349,0.991804957,1.02430931e-07,-0.00281102862,-0.000362211664,0.999996006],"scale":1.00000012,"type":"hr_guardrail2"}
{"pos":[158.892807,33.3743744,23.6474247],"rotationMatrix":[0.991800904,0.127763018,0.00274688751,-0.127763495,0.991804659,8.7544322e-08,-0.00272436487,-0.000351038791,0.999996245],"scale":1.00000012,"type":"hr_guardrail2"}
{"pos":[162.917709,33.8928528,23.6615028],"rotationMatrix":[0.991792619,0.12775977,0.00498461584,-0.127761349,0.991804957,1.05676008e-07,-0.00494375313,-0.000636946061,0.999987602],"scale":0.99999994,"type":"hr_guardrail2"}
{"pos":[166.94133,34.4111786,23.6891174],"rotationMatrix":[0.991766691,0.127758831,0.00874953344,-0.127763718,0.991804659,4.58094291e-08,-0.00867782161,-0.00111791841,0.999961734],"scale":1,"type":"hr_guardrail2"}
{"pos":[170.965607,34.9295959,23.7291794],"rotationMatrix":[0.991740346,0.127753764,0.011404735,-0.127762079,0.991804838,1.0128133e-07,-0.0113112582,-0.00145719294,0.999934971],"scale":1,"type":"hr_guardrail2"}
{"pos":[174.989655,35.447937,23.780529],"rotationMatrix":[0.991702795,0.127747253,0.0143620344,-0.127760425,0.991805077,1.63679942e-07,-0.0142443171,-0.00183506182,0.999896884],"scale":0.999999881,"type":"hr_guardrail2"}
{"pos":[179.014923,35.9664917,23.8414459],"rotationMatrix":[0.991682887,0.127750203,0.0156518165,-0.127765849,0.991804361,7.59027898e-08,-0.0155235305,-0.00199984293,0.999877512],"scale":1,"type":"hr_guardrail2"}
{"pos":[183.040054,36.4850311,23.9071503],"rotationMatrix":[0.991662085,0.127746552,0.0169461779,-0.12776491,0.991804481,3.85334715e-08,-0.0168072917,-0.00216516526,0.999856412],"scale":1,"type":"hr_guardrail2"}
{"pos":[187.066757,37.0037537,23.9773293],"rotationMatrix":[0.991671205,0.127747267,0.0163962301,-0.127764434,0.99180454,-2.87545845e-08,-0.0162618589,-0.00209482666,0.999865592],"scale":0.999999881,"type":"hr_guardrail2"}
{"pos":[191.093842,37.5224915,24.0410347],"rotationMatrix":[0.991685808,0.12775299,0.0154407118,-0.127768219,0.991804063,4.3772161e-08,-0.0153141543,-0.00197287579,0.999880791],"scale":0.99999994,"type":"hr_guardrail2"}
{"pos":[195.117859,38.0408936,24.1071758],"rotationMatrix":[0.991643548,0.127741545,0.0180322696,-0.127762318,0.991804838,1.139706e-07,-0.0178844761,-0.00230395747,0.999837399],"scale":1,"type":"hr_guardrail2"}
{"pos":[199.144745,38.5596161,24.1774025],"rotationMatrix":[0.991658092,0.127745807,0.0171821974,-0.127764672,0.99180454,-2.22353265e-08,-0.0170413852,-0.00219525583,0.999852359],"scale":1,"type":"hr_guardrail2"}
{"pos":[203.16716,39.077774,24.2529697],"rotationMatrix":[0.991572022,0.127736643,0.0216395203,-0.127766564,0.991804242,4.59840521e-08,-0.021462163,-0.00276485272,0.999765813],"scale":0.999999881,"type":"hr_guardrail2"}
{"pos":[207.191406,39.5962219,24.3482838],"rotationMatrix":[0.991532564,0.127731323,0.0234069601,-0.127766341,0.991804302,1.35391019e-07,-0.0232151076,-0.00299075572,0.999725997],"scale":1,"type":"hr_guardrail2"}
{"pos":[211.216232,40.1146851,24.4438629],"rotationMatrix":[0.991507709,0.127728596,0.0244519636,-0.127766803,0.991804242,1.07800588e-07,-0.0242515467,-0.00312425592,0.999701023],"scale":0.999999881,"type":"hr_guardrail2"}
{"pos":[215.242981,40.628418,24.5472527],"rotationMatrix":[0.992917061,0.11666736,0.0224598255,-0.116696805,0.993167579,3.9616134e-07,-0.0223063249,-0.00262138341,0.999747753],"scale":0.99999994,"type":"hr_guardrail2"}
{"pos":[219.286484,41.0481873,24.6185608],"rotationMatrix":[0.996320724,0.0849053934,0.011666094,-0.0849111751,0.996388495,4.93368134e-07,-0.0116239199,-0.000991073437,0.999931931],"scale":0.99999994,"type":"hr_guardrail2"}
{"pos":[223.338837,41.3350067,24.6520519],"rotationMatrix":[0.998679101,0.0511845648,0.00448772078,-0.0511850789,0.998689175,1.29424734e-07,-0.00448183203,-0.000229833604,0.999989927],"scale":0.99999994,"type":"hr_guardrail2"}
{"pos":[227.395126,41.4809265,24.6636772],"rotationMatrix":[0.999879539,0.015432829,0.00164422055,-0.0154328495,0.99988091,1.23737664e-07,-0.00164402288,-2.54987317e-05,0.999998629],"scale":0.99999994,"type":"hr_guardrail2"}
{"pos":[231.449432,41.4781799,24.6724625],"rotationMatrix":[0.999740958,-0.0224142149,0.00394761516,0.02241439,0.999748766,-3.06517904e-07,-0.00394661678,8.87898204e-05,0.999992192],"scale":0.99999994,"type":"hr_guardrail2"}
{"pos":[235.495239,41.318634,24.7008438],"rotationMatrix":[0.997975051,-0.0624011904,0.0123224687,0.0624059364,0.998050869,-4.47442289e-07,-0.0122984219,0.000769441715,0.999924064],"scale":1,"type":"hr_guardrail2"}
{"pos":[239.538864,40.9928741,24.7546425],"rotationMatrix":[0.994460762,-0.104556352,0.0107607981,0.104562402,0.99451834,2.81841494e-07,-0.0107018398,0.0011248946,0.999942124],"scale":1,"type":"hr_guardrail2"}
{"pos":[243.565857,40.4921112,24.791584],"rotationMatrix":[0.988833904,-0.148826748,0.00762278773,0.148831069,0.988862634,-1.79861672e-08,-0.00753788743,0.00113452552,0.999970973],"scale":0.99999994,"type":"hr_guardrail2"}
{"pos":[247.562225,39.8086243,24.8226471],"rotationMatrix":[0.980740309,-0.195128769,0.00855562091,0.195135921,0.980776191,1.15658622e-07,-0.00839117169,0.00166939548,0.999963403],"scale":1,"type":"hr_guardrail2"}
{"pos":[251.516983,38.9351654,24.8655815],"rotationMatrix":[0.969841182,-0.243319288,0.0142771509,0.243344083,0.969940007,-7.52042979e-08,-0.013847962,0.00347433332,0.999898076],"scale":1,"type":"hr_guardrail2"}
{"pos":[255.417557,37.8651886,24.9410839],"rotationMatrix":[0.95572412,-0.293153137,0.0255457573,0.293248862,0.95603615,-6.32600859e-07,-0.0244224817,0.00749186892,0.999673665],"scale":1,"type":"hr_guardrail2"}
{"pos":[259.269867,36.5863953,25.0362396],"rotationMatrix":[0.938604474,-0.344480008,0.0188466255,0.344541222,0.938771188,1.13155693e-07,-0.0176927093,0.00649333326,0.999822378],"scale":0.99999994,"type":"hr_guardrail2"}
{"pos":[263.044403,35.0975952,25.103157],"rotationMatrix":[0.917795658,-0.396795034,0.01431394,0.396835685,0.917889655,6.63567334e-08,-0.0131386444,0.00568022113,0.99989754],"scale":0.99999994,"type":"hr_guardrail2"}
{"pos":[266.72348,33.397522,25.1608562],"rotationMatrix":[0.893092096,-0.449616373,0.0152176535,0.449668467,0.89319557,-1.87428668e-07,-0.0135922553,0.00684306584,0.999884188],"scale":0.99999994,"type":"hr_guardrail2"}
{"pos":[294.396881,-56.8523788,26.559824],"rotationMatrix":[-0.491289854,-0.870993376,0.00219056848,0.870995522,-0.491291046,6.57746568e-09,0.00107620086,0.00190797844,0.999997616],"scale":0.99999994,"type":"hr_guardrail2"}
{"pos":[281.733765,-72.5579758,26.5009003],"rotationMatrix":[-0.754945993,-0.655769289,-0.00479766261,0.655776799,-0.754954696,-3.39467078e-07,-0.00362179591,-0.00314645236,0.999988496],"scale":1,"type":"hr_guardrail2"}
{"pos":[278.591644,-75.1262741,26.4839325],"rotationMatrix":[-0.798399806,-0.602020621,-0.011348933,0.602059364,-0.798451304,4.58210707e-07,-0.00906184688,-0.00683236541,0.999935627],"scale":0.99999994,"type":"hr_guardrail2"}
{"pos":[275.277344,-77.4734802,26.4156227],"rotationMatrix":[-0.837594628,-0.545841157,-0.0221976191,0.545975626,-0.83780098,2.07684934e-07,-0.0185973011,-0.0121191852,0.999753594],"scale":1,"type":"hr_guardrail2"}
{"pos":[271.817352,-79.5855408,26.3187981],"rotationMatrix":[-0.872434974,-0.488120973,-0.0243969969,0.488266289,-0.872694731,-6.33299351e-08,-0.0212910995,-0.0119122872,0.999702334],"scale":0.99999994,"type":"hr_guardrail2"}
{"pos":[268.229675,-81.4591827,26.2271233],"rotationMatrix":[-0.902783394,-0.429683506,-0.0188165437,0.429759622,-0.902943254,-2.46334821e-07,-0.016990168,-0.00808681361,0.999822974],"scale":0.99999994,"type":"hr_guardrail2"}
{"pos":[264.517029,-83.1001587,26.1469765],"rotationMatrix":[-0.928224683,-0.371064454,-0.0266434215,0.37119624,-0.928554416,2.82656401e-07,-0.0247399732,-0.0098896753,0.999644995],"scale":1,"type":"hr_guardrail2"}
{"pos":[260.709045,-84.5035706,26.0215454],"rotationMatrix":[-0.949117899,-0.313009143,-0.0346487127,0.313197196,-0.949688077,1.73225999e-07,-0.0329055227,-0.0108517148,0.999399543],"scale":0.99999994,"type":"hr_guardrail2"}
{"pos":[256.829773,-85.6711884,25.878746],"rotationMatrix":[-0.965995669,-0.256263822,-0.0343686901,0.256415337,-0.966566682,-1.3038516e-07,-0.0332195945,-0.00881278422,0.999409199],"scale":0.99999994,"type":"hr_guardrail2"}
{"pos":[252.894318,-86.610733,25.750061],"rotationMatrix":[-0.979161382,-0.201280251,-0.0270067491,0.201353714,-0.979518652,-2.37720087e-07,-0.0264535658,-0.00543814152,0.999635279],"scale":1,"type":"hr_guardrail2"}
{"pos":[248.910767,-87.3318176,25.658577],"rotationMatrix":[-0.988711834,-0.148387596,-0.0207350142,0.148419514,-0.988924503,-3.57395038e-08,-0.0205053575,-0.00307751587,0.999785006],"scale":1,"type":"hr_guardrail2"}
{"pos":[244.886978,-87.8437347,25.5690155],"rotationMatrix":[-0.99492538,-0.0978151187,-0.0235715993,0.0978423133,-0.995201826,-9.87201929e-08,-0.023458492,-0.002306398,0.999722123],"scale":1,"type":"hr_guardrail2"}
{"pos":[240.843445,-88.1545715,25.4697247],"rotationMatrix":[-0.998436093,-0.0497927666,-0.025417313,0.0498088673,-0.998758674,-2.97441147e-07,-0.0253857486,-0.00126630464,0.999676943],"scale":1,"type":"hr_guardrail2"}
{"pos":[236.790253,-88.2752991,25.3644905],"rotationMatrix":[-0.999641418,-0.00440656859,-0.0264155921,0.00440810621,-0.999990344,1.7680577e-08,-0.026415335,-0.000116425057,0.999651074],"scale":0.99999994,"type":"hr_guardrail2"}
{"pos":[232.73616,-88.216507,25.2565212],"rotationMatrix":[-0.998907089,0.0383630656,-0.0266965702,-0.0383767523,-0.999263287,4.01458237e-07,-0.0266768895,0.00102492888,0.999643564],"scale":0.99999994,"type":"hr_guardrail2"}
{"pos":[228.684998,-88.0017548,25.1478691],"rotationMatrix":[-0.997822762,0.0600936413,-0.0271793734,-0.0601158515,-0.998191476,1.07276719e-07,-0.0271302108,0.00163401826,0.99963057],"scale":1,"type":"hr_guardrail2"}
{"pos":[224.634476,-87.7577209,25.038084],"rotationMatrix":[-0.997842789,0.0601287596,-0.0263479874,-0.0601496436,-0.99818933,1.9610161e-07,-0.0263002701,0.00158501789,0.999652803],"scale":1,"type":"hr_guardrail2"}
{"pos":[220.585419,-87.5137024,24.9362297],"rotationMatrix":[-0.997913241,0.0601468496,-0.0234892592,-0.0601634569,-0.998188615,2.54018232e-07,-0.023446694,0.00141344848,0.99972409],"scale":1,"type":"hr_guardrail2"}
{"pos":[216.534088,-87.2693939,24.8420029],"rotationMatrix":[-0.99791801,0.0601882115,-0.023176061,-0.0602043942,-0.998186111,3.66824679e-07,-0.0231339987,0.00139566662,0.999731421],"scale":1,"type":"hr_guardrail2"}
{"pos":[212.481415,-87.0248871,24.7460938],"rotationMatrix":[-0.997884154,0.0602241382,-0.024499774,-0.0602422282,-0.998183846,3.57977115e-07,-0.0244552568,0.0014762783,0.999699831],"scale":0.99999994,"type":"hr_guardrail2"}
{"pos":[208.428299,-86.7802734,24.6422901],"rotationMatrix":[-0.99782896,0.0602382347,-0.0266244672,-0.0602595955,-0.998182774,1.07567757e-07,-0.0265760757,0.00160448696,0.999645531],"scale":0.99999994,"type":"hr_guardrail2"}
{"pos":[204.377747,-86.5356598,24.5345955],"rotationMatrix":[-0.997848988,0.0602692924,-0.0257873796,-0.0602893494,-0.998180866,3.9691804e-07,-0.0257404484,0.00155510055,0.999667466],"scale":1,"type":"hr_guardrail2"}
{"pos":[200.328522,-86.291153,24.435503],"rotationMatrix":[-0.99791491,0.0602689795,-0.0230987463,-0.0602850653,-0.998181224,1.32655259e-07,-0.023056725,0.0013926418,0.99973321],"scale":1,"type":"hr_guardrail2"}
{"pos":[196.277786,-86.0464935,24.3432617],"rotationMatrix":[-0.997939825,0.0602786019,-0.0219655205,-0.0602931529,-0.998180628,3.41970008e-07,-0.0219255369,0.0013247116,0.99975872],"scale":1,"type":"hr_guardrail2"}
{"pos":[192.228058,-85.8018341,24.2579956],"rotationMatrix":[-0.997990251,0.0602890551,-0.0195026137,-0.060300529,-0.998180151,3.15718353e-07,-0.0194671042,0.00117633305,0.999809802],"scale":0.999999881,"type":"hr_guardrail2"}
{"pos":[188.178986,-85.5572052,24.1850815],"rotationMatrix":[-0.998054147,0.0602781065,-0.0159512497,-0.0602857806,-0.998181105,2.7011265e-07,-0.0159222223,0.000961903133,0.999872744],"scale":1,"type":"hr_guardrail2"}
{"pos":[184.128754,-85.3125153,24.1250191],"rotationMatrix":[-0.998086572,0.0603216216,-0.0135797393,-0.0603271872,-0.998178601,1.86671969e-07,-0.013554994,0.000819413806,0.999907792],"scale":1,"type":"hr_guardrail2"}
{"pos":[180.077179,-85.0676727,24.0719547],"rotationMatrix":[-0.998101354,0.0602809489,-0.0126537392,-0.0602857769,-0.998181224,3.99100827e-07,-0.0126307001,0.000763238873,0.999919951],"scale":1,"type":"hr_guardrail2"}
{"pos":[176.026169,-84.8230133,24.0227966],"rotationMatrix":[-0.998118162,0.0603165999,-0.0110476017,-0.0603202805,-0.998179078,2.18133209e-07,-0.0110274721,0.000666612177,0.999938965],"scale":0.99999994,"type":"hr_guardrail2"}
{"pos":[171.976471,-84.5783081,23.9832764],"rotationMatrix":[-0.998150349,0.060307797,-0.00767620606,-0.0603095777,-0.998179793,2.54105544e-07,-0.0076622176,0.000463202334,0.999970555],"scale":0.99999994,"type":"hr_guardrail2"}
{"pos":[167.92514,-84.3335571,23.9585381],"rotationMatrix":[-0.998159647,0.0603267476,-0.00615676213,-0.060327895,-0.998178601,2.17129127e-07,-0.00614553504,0.000371641247,0.999981046],"scale":1,"type":"hr_guardrail2"}
{"pos":[163.872528,-84.0888062,23.9318237],"rotationMatrix":[-0.998160362,0.0603138953,-0.00616739551,-0.0603150427,-0.998179317,1.99186616e-07,-0.00615615537,0.000372185576,0.999980986],"scale":0.99999994,"type":"hr_guardrail2"}
{"pos":[159.824036,-83.8443146,23.9138145],"rotationMatrix":[-0.998181462,0.0602693111,-0.00119494239,-0.0602693558,-0.998182178,2.0945663e-07,-0.00119275751,7.22274708e-05,0.999999285],"scale":0.99999994,"type":"hr_guardrail2"}
{"pos":[155.775574,-83.5998535,23.9198055],"rotationMatrix":[-0.998173833,0.060281273,0.00389883597,-0.0602817275,-0.998181462,2.68904842e-07,0.00389176165,-0.00023476014,0.999992371],"scale":0.99999994,"type":"hr_guardrail2"}
{"pos":[151.725113,-83.3553772,23.9406509],"rotationMatrix":[-0.998161793,0.0602588058,0.00649141381,-0.0602600724,-0.998182893,4.2465399e-07,0.00647964282,-0.000390749192,0.99997896],"scale":1,"type":"hr_guardrail2"}
{"pos":[147.673401,-83.1108551,23.9694977],"rotationMatrix":[-0.998157978,0.0601924099,0.00759826833,-0.0601941459,-0.998186827,2.25249096e-07,0.00758450432,-0.000457146438,0.999971151],"scale":0.99999994,"type":"hr_guardrail2"}
{"pos":[143.621658,-82.8664093,24.0011101],"rotationMatrix":[-0.998148918,0.0602090657,0.00857507344,-0.0602112785,-0.998185635,1.06316293e-07,0.00855952222,-0.000516209984,0.999963224],"scale":0.99999994,"type":"hr_guardrail2"}
{"pos":[139.572327,-82.6221924,24.0416031],"rotationMatrix":[-0.998110652,0.0601797663,0.0123922778,-0.0601843856,-0.998187304,1.98022462e-07,0.0123698255,-0.000745624013,0.999923229],"scale":0.99999994,"type":"hr_guardrail2"}
{"pos":[135.522552,-82.3780518,24.1009483],"rotationMatrix":[-0.998070359,0.0601479635,0.0154203046,-0.060155116,-0.998189092,2.27213604e-07,0.0153923929,-0.000927383429,0.999881089],"scale":0.999999881,"type":"hr_guardrail2"}
{"pos":[131.470352,-82.1339264,24.162344],"rotationMatrix":[-0.998070836,0.060124591,0.015480998,-0.0601317883,-0.998190403,5.56727173e-07,0.0154530173,-0.000930344453,0.999880135],"scale":0.99999994,"type":"hr_guardrail2"}
{"pos":[127.421562,-81.8900909,24.2308388],"rotationMatrix":[-0.998002172,0.0600886978,0.019519398,-0.0601001419,-0.99819243,3.1181844e-07,0.0194841344,-0.0011728073,0.999809504],"scale":0.99999994,"type":"hr_guardrail2"}
{"pos":[123.371193,-81.6462097,24.3156567],"rotationMatrix":[-0.997964859,0.0601074621,0.0212910939,-0.0601210892,-0.998191118,2.005836e-07,0.021252593,-0.00127984351,0.999773324],"scale":0.99999994,"type":"hr_guardrail2"}
{"pos":[119.320869,-81.4021149,24.4043808],"rotationMatrix":[-0.997926593,0.0601204373,0.0229830369,-0.0601363145,-0.998190284,3.21131665e-07,0.0229414627,-0.00138179469,0.999735832],"scale":0.99999994,"type":"hr_guardrail2"}
{"pos":[115.268661,-81.158493,24.4962482],"rotationMatrix":[-0.9979527,0.0598896742,0.0224362761,-0.0599047467,-0.998203993,2.49652658e-07,0.0223959982,-0.00134379044,0.99974829],"scale":0.99999994,"type":"hr_guardrail2"}
{"pos":[97.1475296,-80.1029358,24.6350937],"rotationMatrix":[-0.997849464,0.0579661839,0.0306033213,-0.0579933338,-0.998317122,3.43599822e-07,0.030551834,-0.00177444564,0.999531627],"scale":1,"type":"hr_guardrail2"}
{"pos":[93.0932388,-79.8675079,24.7359695],"rotationMatrix":[-0.997956395,0.0579595119,0.0268991999,-0.0579804778,-0.998317599,5.16767614e-07,0.0268539786,-0.00155911292,0.99963814],"scale":1,"type":"hr_guardrail2"}
{"pos":[89.0435486,-79.6323242,24.8526649],"rotationMatrix":[-0.997853994,0.057951659,0.0304755569,-0.0579785854,-0.998317719,1.46043021e-07,0.0304243006,-0.00176678412,0.999535501],"scale":0.99999994,"type":"hr_guardrail2"}
{"pos":[84.9913025,-79.387619,24.9752693],"rotationMatrix":[-0.996853352,0.0753891021,0.024489712,-0.0754117072,-0.997152328,5.21889888e-07,0.0244200155,-0.00184629089,0.999700069],"scale":0.99999994,"type":"hr_guardrail2"}
{"pos":[80.9483337,-79.0038757,25.0506325],"rotationMatrix":[-0.99264276,0.120463215,0.012194505,-0.12047217,-0.992716551,1.74914021e-07,0.0121057089,-0.00146892481,0.999925673],"scale":1,"type":"hr_guardrail2"}
{"pos":[76.9320145,-78.4323578,25.0906792],"rotationMatrix":[-0.985675097,0.168430969,0.00868078228,-0.168437317,-0.98571229,-2.10129656e-08,0.0085567506,-0.00146218855,0.99996233],"scale":1,"type":"hr_guardrail2"}
{"pos":[72.9550476,-77.6623383,25.1346588],"rotationMatrix":[-0.975521207,0.219319835,0.0160297826,-0.219348028,-0.975646615,-3.87779437e-07,0.01563932,-0.0035164794,0.999871492],"scale":1,"type":"hr_guardrail2"}
{"pos":[69.0211639,-76.680191,25.2074356],"rotationMatrix":[-0.961873174,0.273121536,0.0143005615,-0.27314949,-0.961971641,4.62052412e-07,0.013756861,-0.00390574662,0.999897718],"scale":1.00000012,"type":"hr_guardrail2"}
{"pos":[65.1494293,-75.4749756,25.257412],"rotationMatrix":[-0.944065809,0.329551756,0.0116397552,-0.329574108,-0.944129705,-7.35744834e-08,0.0109894145,-0.00383623131,0.99993223],"scale":1,"type":"hr_guardrail2"}
