{"pos":[-172.447983,366.26062,28.1292515],"rotationMatrix":[0.957611859,-0.287923306,-0.00892525259,0.288052469,0.957368672,0.0217024386,0.00229611923,-0.0233534537,0.999724627],"scale":1,"type":"hr_tirestack_white"}
{"pos":[-171.843369,365.936279,28.1441135],"rotationMatrix":[0.523895264,-0.851538658,-0.0203881748,0.851780295,0.523800313,0.0101761771,0.00201392546,-0.0226974972,0.999740362],"scale":1,"type":"hr_tirestack_white"}
{"pos":[-171.266129,365.611755,28.1580296],"rotationMatrix":[0.999748647,0.0223683622,-0.00150610926,-0.0223283675,0.999492109,0.0227368418,0.00201393012,-0.022697499,0.999740362],"scale":1,"type":"hr_tirestack_white"}
{"pos":[-170.66185,365.342255,28.1743774],"rotationMatrix":[0.68253839,-0.73065114,-0.0170362443,0.730849028,0.682384968,0.0145072974,0.00102550257,-0.0223527104,0.999749601],"scale":1,"type":"hr_tirestack_white"}
{"pos":[-170.584015,364.708832,28.1781998],"rotationMatrix":[-0.840195537,0.542128265,0.012982877,-0.54228276,-0.839998484,-0.0182246957,0.0010254723,-0.0223526973,0.999749601],"scale":1,"type":"hr_tirestack_white"}
{"pos":[-171.166046,365.00885,28.1609592],"rotationMatrix":[-0.349994302,0.936506093,0.0214560647,-0.936750829,-0.349936008,-0.00653827563,0.00138511322,-0.0223873444,0.999748409],"scale":1,"type":"hr_tirestack_white"}
{"pos":[-171.795547,365.299103,28.1469669],"rotationMatrix":[0.480184793,0.876962781,0.0189427081,-0.877165079,0.480021954,0.0126651339,0.00201393664,-0.022697486,0.999740362],"scale":1,"type":"hr_tirestack_white"}
{"pos":[-172.368118,365.599213,28.1306305],"rotationMatrix":[0.587696552,-0.808828115,-0.0202439353,0.809078217,0.587581217,0.0118675865,0.002296119,-0.0233534649,0.999724627],"scale":1,"type":"hr_tirestack_white"}
{"pos":[-167.599991,363.228424,28.2670441],"rotationMatrix":[0.607382715,-0.794151366,-0.0202439353,0.794404209,0.607273519,0.0118675828,0.00286894757,-0.0232900307,0.999724627],"scale":1,"type":"hr_tirestack_white"}
{"pos":[-167.020203,362.942444,28.283453],"rotationMatrix":[0.458503366,0.888490736,0.0189427063,-0.888688982,0.458335638,0.0126651535,0.00257075485,-0.0226411894,0.999740362],"scale":1,"type":"hr_tirestack_white"}
{"pos":[-166.383774,362.667694,28.297123],"rotationMatrix":[-0.372887731,0.927628517,0.0214560702,-0.927874565,-0.372835398,-0.00653827284,0.00193449203,-0.0223465823,0.999748409],"scale":1,"type":"hr_tirestack_white"}
{"pos":[-165.79454,362.382019,28.3133621],"rotationMatrix":[-0.853255749,0.52133131,0.0129828751,-0.521490574,-0.85306251,-0.0182246864,0.00157410372,-0.0223207623,0.999749601],"scale":1,"type":"hr_tirestack_white"}
{"pos":[-165.887909,363.013367,28.3214531],"rotationMatrix":[0.700276256,-0.713668704,-0.0170362294,0.713870287,0.700127721,0.0145073067,0.00157412421,-0.022320779,0.999749601],"scale":1,"type":"hr_tirestack_white"}
{"pos":[-166.498627,363.268005,28.3020077],"rotationMatrix":[0.998897851,0.0469134264,-0.00150610867,-0.0468671434,0.998642325,0.0227368418,0.00257072691,-0.022641195,0.999740362],"scale":1,"type":"hr_tirestack_white"}
{"pos":[-167.083694,363.578247,28.2854309],"rotationMatrix":[0.544649601,-0.838415921,-0.0203881785,0.838659823,0.544560552,0.0101761781,0.00257072877,-0.0226411968,0.999740362],"scale":1,"type":"hr_tirestack_white"}
{"pos":[-167.696091,363.887604,28.2676983],"rotationMatrix":[0.964393973,-0.264319241,-0.00892525539,0.264454305,0.964154005,0.0217024237,0.00286895246,-0.0232900083,0.999724627],"scale":1,"type":"hr_tirestack_white"}
{"pos":[-162.878326,361.593903,28.4194565],"rotationMatrix":[0.960119843,-0.279446334,-0.00892525446,0.279577643,0.959877789,0.02170242,0.0025024917,-0.0233322233,0.999724627],"scale":1,"type":"hr_tirestack_white"}
{"pos":[-162.270874,361.274933,28.4401455],"rotationMatrix":[0.531402826,-0.846873939,-0.0203881878,0.847116411,0.531309962,0.0101761818,0.00221450627,-0.0226788186,0.999740362],"scale":1,"type":"hr_tirestack_white"}
{"pos":[-161.690765,360.955536,28.4620628],"rotationMatrix":[0.999511838,0.0312054697,-0.00150610867,-0.03116321,0.999255657,0.0227368493,0.00221450184,-0.0226788167,0.999740362],"scale":1,"type":"hr_tirestack_white"}
{"pos":[-161.084137,360.691345,28.4880753],"rotationMatrix":[0.688971162,-0.724588513,-0.0170362443,0.724787712,0.688819528,0.0145072984,0.00122307613,-0.0223427713,0.999749601],"scale":1,"type":"hr_tirestack_white"}
{"pos":[-161.000702,360.058563,28.4747696],"rotationMatrix":[-0.844954967,0.53467983,0.0129828723,-0.534835994,-0.844759226,-0.0182246715,0.00122303795,-0.022342734,0.999749601],"scale":1,"type":"hr_tirestack_white"}
{"pos":[-161.585327,360.353455,28.4504147],"rotationMatrix":[-0.358259559,0.933375478,0.0214560721,-0.933620691,-0.358203411,-0.00653827097,0.00158297643,-0.0223742314,0.999748409],"scale":1,"type":"hr_tirestack_white"}
{"pos":[-162.217392,360.638153,28.4246273],"rotationMatrix":[0.472413063,0.88117373,0.0189427026,-0.881374478,0.472248435,0.0126651553,0.00221453886,-0.0226787999,0.999740362],"scale":1,"type":"hr_tirestack_white"}
{"pos":[-162.792603,360.933197,28.4042187],"rotationMatrix":[0.594823778,-0.803601146,-0.0202439465,0.803852201,0.594710648,0.0118675772,0.00250249077,-0.0233322587,0.999724627],"scale":1,"type":"hr_tirestack_white"}
{"pos":[-148.421768,353.848907,29.0730991],"rotationMatrix":[0.594823778,-0.803601146,-0.0202439465,0.803852201,0.594710648,0.0118675828,0.00250248704,-0.0233322605,0.999724627],"scale":1,"type":"hr_tirestack_white"}
{"pos":[-147.846573,353.553894,29.1047516],"rotationMatrix":[0.472413063,0.88117373,0.0189427026,-0.881374478,0.472248435,0.0126651609,0.00221454445,-0.0226788037,0.999740362],"scale":1,"type":"hr_tirestack_white"}
{"pos":[-147.214554,353.269165,29.1405602],"rotationMatrix":[-0.358259559,0.933375478,0.0214560721,-0.933620691,-0.358203411,-0.00653827097,0.00158297643,-0.0223742314,0.999748409],"scale":1,"type":"hr_tirestack_white"}
{"pos":[-146.629898,352.974213,29.1730118],"rotationMatrix":[-0.844954967,0.53467983,0.0129828723,-0.534835994,-0.844759226,-0.0182246715,0.00122303795,-0.022342734,0.999749601],"scale":1,"type":"hr_tirestack_white"}
{"pos":[-146.713287,353.607025,29.1817207],"rotationMatrix":[0.688971162,-0.724588513,-0.0170362517,0.724787712,0.688819528,0.0145072909,0.00122308638,-0.0223427713,0.999749601],"scale":1,"type":"hr_tirestack_white"}
{"pos":[-147.319962,353.871246,29.1478825],"rotationMatrix":[0.999511838,0.0312054697,-0.00150610867,-0.03116321,0.999255657,0.0227368567,0.00221450208,-0.0226788241,0.999740362],"scale":1,"type":"hr_tirestack_white"}
{"pos":[-147.900024,354.190582,29.1170654],"rotationMatrix":[0.531402826,-0.846873939,-0.020388186,0.847116411,0.531309962,0.0101761837,0.00221450347,-0.0226788204,0.999740362],"scale":1,"type":"hr_tirestack_white"}
{"pos":[-148.507523,354.509583,29.0838699],"rotationMatrix":[0.960119843,-0.279446334,-0.00892525446,0.279577643,0.959877789,0.0217024107,0.00250249379,-0.0233322177,0.999724627],"scale":1,"type":"hr_tirestack_white"}
{"pos":[-153.325272,356.803345,28.8285885],"rotationMatrix":[0.964393973,-0.264319241,-0.00892525539,0.264454305,0.964154005,0.0217024162,0.00286895433,-0.0232900009,0.999724627],"scale":1,"type":"hr_tirestack_white"}
{"pos":[-152.712875,356.493927,28.8642197],"rotationMatrix":[0.544649601,-0.838415921,-0.020388186,0.838659823,0.544560552,0.0101761818,0.0025707297,-0.0226412043,0.999740362],"scale":1,"type":"hr_tirestack_white"}
{"pos":[-152.127792,356.183716,28.888649],"rotationMatrix":[0.998897851,0.0469134264,-0.00150610867,-0.0468671434,0.998642325,0.0227368418,0.00257072691,-0.022641195,0.999740362],"scale":1,"type":"hr_tirestack_white"}
{"pos":[-151.517075,355.929077,28.9209824],"rotationMatrix":[0.700276256,-0.713668704,-0.0170362294,0.713870287,0.700127721,0.0145073067,0.00157412421,-0.022320779,0.999749601],"scale":1,"type":"hr_tirestack_white"}
{"pos":[-151.423721,355.297699,28.9130249],"rotationMatrix":[-0.853255749,0.52133131,0.0129828751,-0.521490574,-0.85306251,-0.0182246789,0.00157410791,-0.0223207548,0.999749601],"scale":1,"type":"hr_tirestack_white"}
{"pos":[-152.012955,355.583405,28.8805466],"rotationMatrix":[-0.372887731,0.927628517,0.0214560702,-0.927874565,-0.372835398,-0.00653827284,0.00193449203,-0.0223465823,0.999748409],"scale":1,"type":"hr_tirestack_white"}
{"pos":[-152.649384,355.858124,28.8451996],"rotationMatrix":[0.458503366,0.888490736,0.0189427063,-0.888688982,0.458335638,0.0126651591,0.00257076044,-0.0226411894,0.999740362],"scale":1,"type":"hr_tirestack_white"}
{"pos":[-153.229156,356.144043,28.8157139],"rotationMatrix":[0.607382715,-0.794151366,-0.0202439353,0.794404209,0.607273519,0.0118675781,0.0028689513,-0.0232900269,0.999724627],"scale":1,"type":"hr_tirestack_white"}
{"pos":[-157.997284,358.514923,28.6042004],"rotationMatrix":[0.587696552,-0.808828115,-0.0202439353,0.809078217,0.587581217,0.0118675902,0.0022961162,-0.0233534686,0.999724627],"scale":1,"type":"hr_tirestack_white"}
{"pos":[-157.424744,358.214844,28.6259174],"rotationMatrix":[0.480184793,0.876962781,0.0189427081,-0.877165079,0.480021954,0.0126651339,0.00201393664,-0.022697486,0.999740362],"scale":1,"type":"hr_tirestack_white"}
{"pos":[-156.795212,357.924591,28.6519604],"rotationMatrix":[-0.349994302,0.936506093,0.0214560647,-0.936750829,-0.349936008,-0.00653827935,0.0013851095,-0.0223873463,0.999748409],"scale":1,"type":"hr_tirestack_white"}
{"pos":[-156.213181,357.624481,28.6772099],"rotationMatrix":[-0.840195537,0.542128265,0.012982877,-0.54228276,-0.839998484,-0.0182246957,0.0010254723,-0.0223526973,0.999749601],"scale":1,"type":"hr_tirestack_white"}
{"pos":[-156.291,358.257935,28.6924152],"rotationMatrix":[0.68253839,-0.73065114,-0.0170362443,0.730849028,0.682384968,0.0145072918,0.00102550723,-0.0223527048,0.999749601],"scale":1,"type":"hr_tirestack_white"}
{"pos":[-156.895294,358.527557,28.6716423],"rotationMatrix":[0.999748647,0.0223683622,-0.00150610926,-0.0223283675,0.999492109,0.0227368493,0.00201393035,-0.0226975065,0.999740362],"scale":1,"type":"hr_tirestack_white"}
{"pos":[-157.472565,358.851959,28.645422],"rotationMatrix":[0.523895264,-0.851538658,-0.0203881748,0.851780295,0.523800313,0.0101761771,0.00201392546,-0.0226974972,0.999740362],"scale":1,"type":"hr_tirestack_white"}
{"pos":[-158.077179,359.1763,28.6201153],"rotationMatrix":[0.957611859,-0.287923306,-0.00892525259,0.288052469,0.957368672,0.0217024386,0.00229611923,-0.0233534537,0.999724627],"scale":1,"type":"hr_tirestack_white"}
{"pos":[-186.898407,373.415802,27.8906002],"rotationMatrix":[0.957598448,-0.28796804,-0.00892525166,0.288097203,0.957355201,0.0217024405,0.00229502609,-0.0233535636,0.999724627],"scale":1,"type":"hr_tirestack_white"}
{"pos":[-186.293808,373.0914,27.8919315],"rotationMatrix":[0.523855269,-0.851563275,-0.0203881767,0.851804912,0.523760319,0.0101761762,0.00201286003,-0.0226975922,0.999740362],"scale":1,"type":"hr_tirestack_white"}
{"pos":[-185.716553,372.766907,27.8932686],"rotationMatrix":[0.99974972,0.022321403,-0.00150610926,-0.0222814232,0.999493182,0.0227368455,0.00201286422,-0.0226975959,0.999740362],"scale":1,"type":"hr_tirestack_white"}
{"pos":[-185.112289,372.497314,27.897131],"rotationMatrix":[0.682504237,-0.730683029,-0.0170362387,0.730880916,0.682350814,0.0145072965,0.00102445483,-0.0223527513,0.999749601],"scale":1,"type":"hr_tirestack_white"}
{"pos":[-185.034485,371.863861,27.9072304],"rotationMatrix":[-0.840170145,0.542167544,0.0129828751,-0.54232204,-0.839973092,-0.0182246994,0.00102442596,-0.0223527458,0.999749601],"scale":1,"type":"hr_tirestack_white"}
{"pos":[-185.616501,372.16394,27.9032307],"rotationMatrix":[-0.349950433,0.936522424,0.0214560628,-0.936767161,-0.349892139,-0.00653827749,0.00138406362,-0.0223874096,0.999748409],"scale":1,"type":"hr_tirestack_white"}
{"pos":[-186.246017,372.454285,27.8998871],"rotationMatrix":[0.480225742,0.87694037,0.0189427063,-0.877142668,0.480062902,0.0126651321,0.00201287493,-0.0226975773,0.999740362],"scale":1,"type":"hr_tirestack_white"}
{"pos":[-186.818542,372.754395,27.8983192],"rotationMatrix":[0.587658763,-0.808855593,-0.0202439334,0.809105575,0.587543428,0.0118675875,0.00229502656,-0.0233535729,0.999724627],"scale":1,"type":"hr_tirestack_white"}
{"pos":[-182.050537,370.383301,27.9314823],"rotationMatrix":[0.607345402,-0.794179857,-0.0202439353,0.7944327,0.607236207,0.0118675772,0.00286785793,-0.0232901629,0.999724627],"scale":1,"type":"hr_tirestack_white"}
{"pos":[-181.470795,370.097321,27.938633],"rotationMatrix":[0.458544791,0.888469398,0.0189427063,-0.888667643,0.458377063,0.0126651581,0.00256970245,-0.0226413105,0.999740362],"scale":1,"type":"hr_tirestack_white"}
{"pos":[-180.834351,369.822571,27.9448071],"rotationMatrix":[-0.3728441,0.927645862,0.0214560665,-0.92789191,-0.372791767,-0.00653827097,0.00193344522,-0.0223466679,0.999748409],"scale":1,"type":"hr_tirestack_white"}
{"pos":[-180.245132,369.536835,27.9530067],"rotationMatrix":[-0.85323143,0.521371126,0.012982877,-0.52153039,-0.853038192,-0.0182246827,0.00157306483,-0.0223208331,0.999749601],"scale":1,"type":"hr_tirestack_white"}
{"pos":[-180.338486,370.168243,27.9473591],"rotationMatrix":[0.700242698,-0.713701546,-0.0170362256,0.713903129,0.700094163,0.0145073086,0.00157307321,-0.0223208517,0.999749601],"scale":1,"type":"hr_tirestack_white"}
{"pos":[-180.949173,370.422913,27.936697],"rotationMatrix":[0.998899996,0.0468667448,-0.00150610879,-0.0468204767,0.998644531,0.02273684,0.00256966893,-0.0226413123,0.999740362],"scale":1,"type":"hr_tirestack_white"}
{"pos":[-181.534225,370.733154,27.9295788],"rotationMatrix":[0.544610202,-0.838441432,-0.0203881804,0.838685334,0.544521213,0.010176179,0.00256966613,-0.0226413198,0.999740362],"scale":1,"type":"hr_tirestack_white"}
{"pos":[-182.146606,371.042603,27.9223156],"rotationMatrix":[0.964381576,-0.264364302,-0.00892525446,0.264499366,0.964141607,0.0217024218,0.00286786351,-0.0232901406,0.999724627],"scale":1,"type":"hr_tirestack_white"}
{"pos":[-177.328979,368.748596,28.0100822],"rotationMatrix":[0.96010679,-0.279491186,-0.00892525353,0.279622495,0.959864736,0.0217024144,0.00250140228,-0.0233323369,0.999724627],"scale":1,"type":"hr_tirestack_white"}
{"pos":[-176.721497,368.429565,28.0264721],"rotationMatrix":[0.531363249,-0.846898735,-0.020388186,0.847141206,0.531270385,0.0101761837,0.00221344363,-0.022678921,0.999740362],"scale":1,"type":"hr_tirestack_white"}
{"pos":[-176.141418,368.110199,28.0432091],"rotationMatrix":[0.999513328,0.0311587658,-0.00150610891,-0.0311165173,0.999257147,0.0227368567,0.00221344223,-0.0226789247,0.999740362],"scale":1,"type":"hr_tirestack_white"}
{"pos":[-175.53479,367.845978,28.0608997],"rotationMatrix":[0.688937187,-0.724620819,-0.0170362461,0.724820018,0.688785493,0.0145072937,0.00122203119,-0.0223428272,0.999749601],"scale":1,"type":"hr_tirestack_white"}
{"pos":[-175.451416,367.213165,28.0557976],"rotationMatrix":[-0.844930053,0.534719288,0.0129828732,-0.534875453,-0.844734311,-0.0182246771,0.00122199254,-0.0223427955,0.999749601],"scale":1,"type":"hr_tirestack_white"}
{"pos":[-176.036057,367.508118,28.0398369],"rotationMatrix":[-0.358215928,0.933392286,0.0214560702,-0.9336375,-0.358159781,-0.00653827004,0.00158192869,-0.022374304,0.999748409],"scale":1,"type":"hr_tirestack_white"}
{"pos":[-176.66806,367.792847,28.0263023],"rotationMatrix":[0.47245425,0.881151617,0.0189427063,-0.881352484,0.472289622,0.0126651628,0.00221348461,-0.022678908,0.999740362],"scale":1,"type":"hr_tirestack_white"}
{"pos":[-177.243256,368.087921,28.0100689],"rotationMatrix":[0.594786227,-0.803628981,-0.0202439465,0.803880036,0.594673097,0.0118675856,0.00250139646,-0.0233323798,0.999724627],"scale":1,"type":"hr_tirestack_white"}
{"pos":[-191.613754,375.172913,27.9050026],"rotationMatrix":[0.594786227,-0.803628981,-0.0202439465,0.803880036,0.594673097,0.0118675809,0.00250139832,-0.0233323779,0.999724627],"scale":1,"type":"hr_tirestack_white"}
{"pos":[-191.038559,374.877808,27.9020061],"rotationMatrix":[0.47245425,0.881151617,0.0189427044,-0.881352484,0.472289622,0.0126651535,0.00221347809,-0.0226789042,0.999740362],"scale":1,"type":"hr_tirestack_white"}
{"pos":[-190.406509,374.593109,27.9018021],"rotationMatrix":[-0.358215928,0.933392286,0.0214560702,-0.9336375,-0.358159781,-0.00653827004,0.00158192869,-0.022374304,0.999748409],"scale":1,"type":"hr_tirestack_white"}
{"pos":[-189.821884,374.298157,27.9005852],"rotationMatrix":[-0.844930053,0.534719288,0.0129828732,-0.534875453,-0.844734311,-0.0182246771,0.00122199254,-0.0223427955,0.999749601],"scale":1,"type":"hr_tirestack_white"}
{"pos":[-189.905304,374.930939,27.8932476],"rotationMatrix":[0.688937187,-0.724620819,-0.0170362405,0.724820018,0.688785493,0.0145073012,0.00122202095,-0.0223428272,0.999749601],"scale":1,"type":"hr_tirestack_white"}
{"pos":[-190.511917,375.19516,27.8929806],"rotationMatrix":[0.999513328,0.0311587658,-0.00150610891,-0.0311165173,0.999257147,0.0227368493,0.00221344223,-0.0226789173,0.999740362],"scale":1,"type":"hr_tirestack_white"}
{"pos":[-191.09201,375.514587,27.8947067],"rotationMatrix":[0.531363249,-0.846898735,-0.020388186,0.847141206,0.531270385,0.0101761799,0.00221344549,-0.022678921,0.999740362],"scale":1,"type":"hr_tirestack_white"}
{"pos":[-191.699448,375.833588,27.8983727],"rotationMatrix":[0.96010679,-0.279491186,-0.00892525353,0.279622495,0.959864736,0.02170242,0.00250139972,-0.0233323425,0.999724627],"scale":1,"type":"hr_tirestack_white"}
{"pos":[-196.517105,378.127533,27.9455471],"rotationMatrix":[0.964381576,-0.264364302,-0.00892525446,0.264499366,0.964141607,0.0217024293,0.00286786165,-0.023290148,0.999724627],"scale":1,"type":"hr_tirestack_white"}
{"pos":[-195.904709,377.818115,27.9374104],"rotationMatrix":[0.544610202,-0.838441432,-0.0203881748,0.838685334,0.544521213,0.0101761771,0.0025696652,-0.0226413123,0.999740362],"scale":1,"type":"hr_tirestack_white"}
{"pos":[-195.319672,377.507904,27.9308872],"rotationMatrix":[0.998899996,0.0468667448,-0.00150610879,-0.0468204767,0.998644531,0.02273684,0.00256966893,-0.0226413123,0.999740362],"scale":1,"type":"hr_tirestack_white"}
{"pos":[-194.708969,377.253204,27.925293],"rotationMatrix":[0.700242698,-0.713701546,-0.0170362256,0.713903129,0.700094163,0.0145073086,0.00157307321,-0.0223208517,0.999749601],"scale":1,"type":"hr_tirestack_white"}
{"pos":[-194.615631,376.621826,27.9310246],"rotationMatrix":[-0.85323143,0.521371126,0.012982877,-0.52153039,-0.853038192,-0.0182246901,0.0015730611,-0.0223208405,0.999749601],"scale":1,"type":"hr_tirestack_white"}
{"pos":[-195.204849,376.907562,27.9370461],"rotationMatrix":[-0.3728441,0.927645862,0.0214560665,-0.92789191,-0.372791767,-0.00653827097,0.00193344522,-0.0223466679,0.999748409],"scale":1,"type":"hr_tirestack_white"}
{"pos":[-195.841278,377.182312,27.9428349],"rotationMatrix":[0.458544791,0.888469398,0.0189427063,-0.888667643,0.458377063,0.0126651498,0.00256969593,-0.0226413086,0.999740362],"scale":1,"type":"hr_tirestack_white"}
{"pos":[-196.421021,377.468323,27.9494305],"rotationMatrix":[0.607345402,-0.794179857,-0.0202439334,0.7944327,0.607236207,0.0118675809,0.00286785513,-0.0232901629,0.999724627],"scale":1,"type":"hr_tirestack_white"}
{"pos":[-201.189041,379.839355,28.0056553],"rotationMatrix":[0.587658763,-0.808855593,-0.0202439334,0.809105575,0.587543428,0.0118675828,0.00229502842,-0.0233535692,0.999724627],"scale":1,"type":"hr_tirestack_white"}
{"pos":[-200.616486,379.539215,27.99856],"rotationMatrix":[0.480225742,0.87694037,0.0189427063,-0.877142668,0.480062902,0.0126651321,0.00201287493,-0.0226975773,0.999740362],"scale":1,"type":"hr_tirestack_white"}
{"pos":[-199.987,379.248932,27.9918556],"rotationMatrix":[-0.349950433,0.936522424,0.0214560628,-0.936767161,-0.349892139,-0.00653827377,0.00138406735,-0.0223874077,0.999748409],"scale":1,"type":"hr_tirestack_white"}
{"pos":[-199.404968,378.948853,27.9854565],"rotationMatrix":[-0.840170145,0.542167544,0.0129828751,-0.54232204,-0.839973092,-0.0182246994,0.00102442596,-0.0223527458,0.999749601],"scale":1,"type":"hr_tirestack_white"}
{"pos":[-199.482803,379.582306,27.9792461],"rotationMatrix":[0.682504237,-0.730683029,-0.0170362368,0.730880916,0.682350814,0.014507303,0.00102445018,-0.0223527569,0.999749601],"scale":1,"type":"hr_tirestack_white"}
{"pos":[-200.087051,379.851868,27.9853287],"rotationMatrix":[0.99974972,0.022321403,-0.00150610926,-0.0222814232,0.999493182,0.0227368381,0.00201286399,-0.0226975884,0.999740362],"scale":1,"type":"hr_tirestack_white"}
{"pos":[-200.664276,380.176392,27.9929771],"rotationMatrix":[0.523855269,-0.851563275,-0.0203881767,0.851804912,0.523760319,0.0101761762,0.00201286003,-0.0226975922,0.999740362],"scale":1,"type":"hr_tirestack_white"}
{"pos":[-201.268906,380.500763,28.0007896],"rotationMatrix":[0.957598448,-0.28796804,-0.00892525166,0.288097203,0.957355201,0.0217024405,0.00229502609,-0.0233535636,0.999724627],"scale":1,"type":"hr_tirestack_white"}
