{"pos":[214.839111,17.9148331,20.8780403],"rotationMatrix":[0.997566462,-0.0690537691,-0.00962823629,0.0696127564,0.994183481,0.0821782798,0.00389751396,-0.0826485455,0.996571124],"scale":1,"type":"hr_tirestack_green"}
{"pos":[215.347198,18.3306332,20.9106827],"rotationMatrix":[0.253656805,-0.963939965,-0.0804856941,0.967293203,0.252898872,0.0196460597,0.00141711533,-0.082836628,0.996562123],"scale":1,"type":"hr_tirestack_green"}
{"pos":[215.88916,18.7708111,20.9450397],"rotationMatrix":[-0.61054647,-0.789597273,-0.0613933355,0.791972756,-0.608361244,-0.0517281666,0.0034950953,-0.0802043006,0.996772289],"scale":1,"type":"hr_tirestack_green"}
{"pos":[216.399292,19.1593056,20.9753056],"rotationMatrix":[-0.999331832,0.035693001,0.00786750019,-0.0362269469,-0.995832443,-0.0836980268,0.00484727789,-0.0839271173,0.99646008],"scale":1,"type":"hr_tirestack_green"}
{"pos":[216.93396,19.5000801,21.0016422],"rotationMatrix":[-0.923999548,0.380759805,0.0353085846,-0.382377893,-0.920847416,-0.076334767,0.0034486074,-0.08403451,0.996456861],"scale":1,"type":"hr_tirestack_green"}
{"pos":[215.422791,17.7364769,20.862009],"rotationMatrix":[-0.982739925,0.184121639,0.0179227553,-0.1849581,-0.97979033,-0.0761662647,0.00353668537,-0.0781665966,0.996934056],"scale":1,"type":"hr_tirestack_green"}
{"pos":[214.969788,17.2929649,20.8279781],"rotationMatrix":[-0.985538721,-0.169029459,-0.0119350767,0.169444844,-0.98249352,-0.0774267539,0.00136126764,-0.0783294067,0.996926606],"scale":1,"type":"hr_tirestack_green"}
{"pos":[216.493835,18.5889149,20.927721],"rotationMatrix":[-0.671265721,-0.739029229,-0.0569047369,0.741203487,-0.668813467,-0.0574973524,0.00443356857,-0.0807739943,0.996722579],"scale":1,"type":"hr_tirestack_green"}
{"pos":[215.918518,18.1933212,20.8984566],"rotationMatrix":[0.176217377,-0.980947495,-0.0817892775,0.984350324,0.175727427,0.0132071264,0.00141712278,-0.082836628,0.996562123],"scale":1,"type":"hr_tirestack_green"}
{"pos":[216.990479,18.905405,20.9514084],"rotationMatrix":[0.997582257,-0.0689573586,-0.00863274839,0.069429338,0.994335592,0.0804752186,0.00303449039,-0.0808800235,0.996719241],"scale":1,"type":"hr_tirestack_green"}
{"pos":[213.915527,-65.7961426,21.1432552],"rotationMatrix":[-0.268512964,0.959649265,-0.0835099518,-0.963270962,-0.26722157,0.0264857914,0.00310141221,0.0875544921,0.996154904],"scale":1,"type":"hr_tirestack_green"}
{"pos":[214.942627,-66.5714722,21.2102737],"rotationMatrix":[0.868439674,0.493483514,-0.0478175431,-0.495794147,0.864544988,-0.0821589828,0.000796312466,0.0950577855,0.995471418],"scale":1,"type":"hr_tirestack_green"}
{"pos":[214.378723,-66.1598053,21.1740093],"rotationMatrix":[0.923166811,-0.383095801,0.0316333175,0.384391606,0.919485867,-0.0823945552,0.00247862376,0.088223502,0.996097624],"scale":1,"type":"hr_tirestack_green"}
{"pos":[216.106537,-67.1681976,21.2653084],"rotationMatrix":[0.489560485,-0.867840469,0.0847557038,0.871966064,0.487506449,-0.0448622406,-0.00238568708,0.0958668739,0.995391309],"scale":1,"type":"hr_tirestack_green"}
{"pos":[215.537964,-66.8878174,21.2388077],"rotationMatrix":[0.154784679,-0.983686805,0.0916624069,0.987944126,0.153849244,-0.0172274783,0.00284424797,0.0932238922,0.995641112],"scale":1,"type":"hr_tirestack_green"}
{"pos":[213.373199,-66.0465698,21.1675167],"rotationMatrix":[-0.0508154631,-0.994849741,0.0877029598,0.998696029,-0.0510509014,-0.0004411228,0.00491615757,0.0875661671,0.99614656],"scale":1,"type":"hr_tirestack_green"}
{"pos":[213.871918,-66.4380798,21.1999187],"rotationMatrix":[0.30056572,-0.950107574,0.0834022909,0.953757882,0.299186051,-0.0288719442,0.00247864798,0.0882235095,0.996097624],"scale":1,"type":"hr_tirestack_green"}
{"pos":[214.407532,-66.7906342,21.2317524],"rotationMatrix":[0.950746357,-0.308817267,0.0267071761,0.309956253,0.946358144,-0.0912874267,0.00291657913,0.0950692371,0.995466411],"scale":1,"type":"hr_tirestack_green"}
{"pos":[215.002441,-67.1560516,21.2653675],"rotationMatrix":[0.826403141,0.560429811,-0.0545544475,-0.563073277,0.822938681,-0.0756336674,0.00250759907,0.0932220593,0.995642185],"scale":1,"type":"hr_tirestack_green"}
{"pos":[215.563141,-67.4976349,21.2972584],"rotationMatrix":[-0.268613338,0.958682597,-0.0936727375,-0.963247955,-0.267293572,0.0265976116,0.000460539013,0.097374551,0.995247722],"scale":1,"type":"hr_tirestack_green"}
{"pos":[86.0386963,-60.6727028,21.4617863],"rotationMatrix":[-0.896412015,0.441604882,-0.0378230587,-0.442960829,-0.889689207,0.11062894,0.0152035076,0.115923248,0.99314183],"scale":1,"type":"hr_tirestack_green"}
{"pos":[85.4110107,-60.8652534,21.4939327],"rotationMatrix":[0.132316291,0.984057307,-0.118843317,-0.991109371,0.133036733,-0.00188601762,0.0139545836,0.118036263,0.99291122],"scale":1,"type":"hr_tirestack_green"}
{"pos":[84.7427979,-61.067585,21.5270119],"rotationMatrix":[0.865351498,0.496205419,-0.0703347474,-0.50099659,0.860141456,-0.0957034156,0.0130092762,0.118054561,0.992921889],"scale":1,"type":"hr_tirestack_green"}
{"pos":[84.1235657,-61.2341194,21.5549908],"rotationMatrix":[0.910756648,-0.411289185,0.0369264036,0.412730783,0.903770804,-0.11336498,0.0132527798,0.118488565,0.992866993],"scale":1,"type":"hr_tirestack_green"}
{"pos":[83.4996948,-61.347187,21.5769787],"rotationMatrix":[0.709740162,-0.700793922,0.0718108714,0.704270899,0.703466296,-0.0955908895,0.0164729822,0.118419006,0.992827058],"scale":1,"type":"hr_tirestack_green"}
{"pos":[85.5658875,-60.2867241,21.4246025],"rotationMatrix":[0.839016378,-0.541877449,0.0491977669,0.543938458,0.833077073,-0.100566275,0.0135090686,0.111137308,0.99371326],"scale":1,"type":"hr_tirestack_green"}
{"pos":[86.1530457,-60.047596,21.389864],"rotationMatrix":[0.976050615,-0.217266619,0.0109728398,0.217120051,0.969764888,-0.111422405,0.013567294,0.111136332,0.993712544],"scale":1,"type":"hr_tirestack_green"}
{"pos":[84.2518921,-60.6703453,21.4873581],"rotationMatrix":[0.90226382,0.426662892,-0.0622802079,-0.430967778,0.896932304,-0.0988899991,0.0136684347,0.116065629,0.993147492],"scale":1,"type":"hr_tirestack_green"}
{"pos":[84.934082,-60.5219536,21.45994],"rotationMatrix":[0.210337877,0.970655382,-0.116559424,-0.977516115,0.210623384,-0.0100028962,0.0148407742,0.116042703,0.993133366],"scale":1,"type":"hr_tirestack_green"}
{"pos":[83.6724548,-60.7753487,21.5074444],"rotationMatrix":[-0.896453381,0.441370338,-0.039539393,-0.442945331,-0.889860511,0.109304845,0.0130593674,0.115500495,0.993221581],"scale":1,"type":"hr_tirestack_green"}
{"pos":[82.9074097,5.67847061,21.43046],"rotationMatrix":[0.603616416,-0.790497541,-0.103734255,0.796869278,0.602330506,0.0468752496,0.0254275389,-0.11095731,0.993499815],"scale":1,"type":"hr_tirestack_green"}
{"pos":[81.6665039,6.0192337,21.4986515],"rotationMatrix":[-0.625164032,-0.777299702,-0.0705353916,0.780123889,-0.61953032,-0.0871145502,0.0240152981,-0.109487228,0.993698061],"scale":1,"type":"hr_tirestack_green"}
{"pos":[82.3425903,5.84514046,21.4631481],"rotationMatrix":[-0.999549389,0.0153224617,0.0258157291,-0.0180213451,-0.994011045,-0.107784159,0.0240096003,-0.108200811,0.993839085],"scale":1,"type":"hr_tirestack_green"}
{"pos":[80.3644104,6.14342499,21.5458393],"rotationMatrix":[-0.775636911,0.62529856,0.0859593451,-0.630701363,-0.773127317,-0.0670060962,0.0245587043,-0.10618709,0.994042814],"scale":1,"type":"hr_tirestack_green"}
{"pos":[80.9963989,6.09310532,21.5241165],"rotationMatrix":[-0.506893396,0.855167091,0.108388543,-0.861535013,-0.50676167,-0.0308199823,0.028570924,-0.109002978,0.993630767],"scale":1,"type":"hr_tirestack_green"}
{"pos":[83.3187561,6.11162186,21.4679127],"rotationMatrix":[-0.319823265,0.940941036,0.111100197,-0.947133839,-0.320658922,-0.0107498355,0.0255102962,-0.108664796,0.993751049],"scale":1,"type":"hr_tirestack_green"}
{"pos":[82.7106628,6.29105568,21.503355],"rotationMatrix":[-0.629980326,0.770079911,0.100508548,-0.776224077,-0.628456831,-0.0501840711,0.0245195255,-0.10963212,0.993669748],"scale":1,"type":"hr_tirestack_green"}
{"pos":[82.0826416,6.42064857,21.5331059],"rotationMatrix":[-0.997830749,-0.0635162666,0.0173151642,0.0612077303,-0.991901875,-0.111286506,0.0242434442,-0.109985262,0.993637502],"scale":1,"type":"hr_tirestack_green"}
{"pos":[81.3948059,6.54027176,21.562727],"rotationMatrix":[-0.561398625,-0.823867559,-0.0779348537,0.82720983,-0.555994511,-0.0812043846,0.0235703122,-0.110056505,0.993645787],"scale":1,"type":"hr_tirestack_green"}
{"pos":[80.7475586,6.65040779,21.591547],"rotationMatrix":[0.603588343,-0.790374696,-0.104828387,0.796880186,0.602282763,0.0473011769,0.025750678,-0.112086117,0.993364811],"scale":1,"type":"hr_tirestack_green"}
{"pos":[-110.697495,206.186798,25.2136841],"rotationMatrix":[-0.706620216,-0.707550108,-0.00779846869,0.707553327,-0.706654429,0.00281489477,-0.0075025009,-0.00352877076,0.999965608],"scale":1,"type":"hr_tirestack_green"}
{"pos":[-110.975533,205.5513,25.2063732],"rotationMatrix":[-0.706617475,-0.707490742,-0.0121949045,0.707553089,-0.706659198,-0.00118828425,-0.00777694117,-0.00946820527,0.999924958],"scale":1,"type":"hr_tirestack_green"}
{"pos":[-111.365013,206.105087,25.2083874],"rotationMatrix":[-0.680078745,-0.733098567,-0.0076894993,0.733100474,-0.680113077,0.00310022803,-0.00750250276,-0.00352877611,0.999965608],"scale":1,"type":"hr_tirestack_green"}
{"pos":[-111.636345,205.425903,25.2013397],"rotationMatrix":[-0.753144622,-0.657823861,-0.00639243331,0.657836735,-0.753160477,0.000125369988,-0.00489700027,-0.00411075586,0.999979556],"scale":1,"type":"hr_tirestack_green"}
{"pos":[-112.018753,205.894684,25.2015114],"rotationMatrix":[0.964556158,-0.263830215,0.00500366976,0.26376304,0.96452266,0.0111844046,-0.00777693698,-0.00946820248,0.999924958],"scale":1,"type":"hr_tirestack_green"}
{"pos":[-112.288925,205.31044,25.1991577],"rotationMatrix":[0.05384624,-0.998548567,-0.00115900487,0.998549163,0.0538458228,0.000384109182,-0.000321144093,-0.00117800618,0.999999225],"scale":1,"type":"hr_tirestack_green"}
{"pos":[-112.667854,205.837158,25.2013493],"rotationMatrix":[0.879021645,-0.476682991,-0.00971131586,0.476676673,0.879073203,-0.00310214167,0.0100156963,-0.00190230808,0.999948025],"scale":1,"type":"hr_tirestack_green"}
{"pos":[-113.362091,205.775284,25.2034779],"rotationMatrix":[-0.744626403,-0.667463839,0.00483741472,0.667478859,-0.744624019,0.00263730995,0.00184174615,0.00519268308,0.999984801],"scale":1,"type":"hr_tirestack_green"}
{"pos":[-112.908073,205.246719,25.2026329],"rotationMatrix":[0.861030698,-0.508462548,-0.00959157199,0.508454323,0.861082017,-0.00345466146,0.0100156963,-0.0019023075,0.999948025],"scale":1,"type":"hr_tirestack_green"}
{"pos":[-113.592972,205.17955,25.206995],"rotationMatrix":[0.945890665,-0.3244856,-5.714281e-05,0.324480355,0.94587636,-0.00550933043,0.00184174848,0.00519268261,0.999984801],"scale":1,"type":"hr_tirestack_green"}
{"pos":[188.413986,-151.329407,25.7417316],"rotationMatrix":[-0.0474071503,0.998875618,0.000195918605,-0.997827411,-0.0473483801,-0.0458102375,-0.0457494557,-0.00236722268,0.998950124],"scale":1,"type":"hr_tirestack_green"}
{"pos":[188.514923,-151.98201,25.7436199],"rotationMatrix":[-0.581848145,-0.812770545,-0.0292702392,0.812016666,-0.582574487,0.0351549909,-0.0456250384,-0.00331305526,0.998953164],"scale":1,"type":"hr_tirestack_green"}
{"pos":[189.032684,-151.64238,25.7683907],"rotationMatrix":[-0.432741046,0.9013623,-0.0167751163,-0.900363088,-0.433053374,-0.0425583795,-0.0456250384,-0.00331305899,0.998953164],"scale":1,"type":"hr_tirestack_green"}
{"pos":[189.60495,-151.931183,25.7895813],"rotationMatrix":[-0.990333796,-0.132693782,-0.0403926522,0.132956907,-0.991114259,-0.0038872119,-0.0395179242,-0.00922011863,0.999176323],"scale":1,"type":"hr_tirestack_green"}
{"pos":[189.084961,-152.25853,25.7659931],"rotationMatrix":[0.666319966,0.744924784,0.0332391597,-0.744618297,0.667084515,-0.023278892,-0.0395143516,-0.00923929363,0.999176264],"scale":1,"type":"hr_tirestack_green"}
{"pos":[189.626465,-152.559479,25.7832298],"rotationMatrix":[-0.4099226,0.912120342,0.000141173601,-0.911509037,-0.40964222,-0.0366701558,-0.033389762,-0.0151606034,0.999327421],"scale":1,"type":"hr_tirestack_green"}
{"pos":[190.153809,-152.256866,25.8045864],"rotationMatrix":[-0.45474422,0.890622079,1.05341896e-05,-0.89009279,-0.454473495,-0.0344757885,-0.0307001136,-0.0156870428,0.999405563],"scale":1,"type":"hr_tirestack_green"}
{"pos":[190.800629,-152.481171,25.8193092],"rotationMatrix":[0.0676823258,0.997453928,0.0224650037,-0.997380853,0.0682186484,-0.0240335092,-0.0255048517,-0.0207795203,0.99945873],"scale":1,"type":"hr_tirestack_green"}
{"pos":[191.416443,-152.639404,25.8324928],"rotationMatrix":[0.0702779293,0.997250199,0.023516681,-0.997301221,0.0707445741,-0.0196353551,-0.0212450363,-0.0220732819,0.999530613],"scale":1,"type":"hr_tirestack_green"}
{"pos":[190.828186,-153.120804,25.8086777],"rotationMatrix":[0.656707227,-0.754135489,0.00391004235,0.753641129,0.656448722,0.0331669673,-0.0275791287,-0.0188342184,0.99944216],"scale":1,"type":"hr_tirestack_green"}
{"pos":[190.253693,-152.88739,25.7972527],"rotationMatrix":[0.303745866,0.95239073,0.0262763388,-0.952362955,0.304295182,-0.0202305,-0.0272631049,-0.01887968,0.999449968],"scale":1,"type":"hr_tirestack_green"}
{"pos":[190.093658,-154.685837,25.7519398],"rotationMatrix":[-0.937324762,-0.347129762,-0.0303879753,0.347635925,-0.937536955,-0.0131881554,-0.0239118449,-0.0229255352,0.99945116],"scale":1,"type":"hr_tirestack_green"}
{"pos":[189.941437,-154.054321,25.7624512],"rotationMatrix":[-0.478973508,0.877821505,0.0037039537,-0.877392352,-0.47859776,-0.0335662887,-0.0276925061,-0.0193271879,0.999429643],"scale":1,"type":"hr_tirestack_green"}
{"pos":[190.583832,-154.234497,25.7740211],"rotationMatrix":[-0.798017502,0.602611125,-0.00526678655,-0.60215956,-0.797705412,-0.032707613,-0.0239113159,-0.0229298025,0.999451101],"scale":1,"type":"hr_tirestack_green"}
{"pos":[190.3703,-153.6185,25.7826233],"rotationMatrix":[0.30258745,0.952758551,0.0263042394,-0.952722549,0.303144097,-0.0205772612,-0.0275791381,-0.0188342202,0.99944216],"scale":1,"type":"hr_tirestack_green"}
{"pos":[191.000885,-153.720001,25.7949276],"rotationMatrix":[-0.784811616,0.619726002,-0.00320725795,-0.619318902,-0.784464478,-0.0325500816,-0.0226881132,-0.0235593691,0.999464989],"scale":1,"type":"hr_tirestack_green"}
{"pos":[191.444916,-153.247742,25.8156261],"rotationMatrix":[-0.837739468,-0.545253932,-0.0298473742,0.54565686,-0.83798027,-0.00690773223,-0.0212450419,-0.0220733024,0.999530613],"scale":1,"type":"hr_tirestack_green"}
{"pos":[191.260345,-154.291687,25.7873669],"rotationMatrix":[-0.936850071,0.349601775,-0.00951331854,-0.349185854,-0.936561584,-0.0303576272,-0.0195228904,-0.0251186285,0.999493837],"scale":1,"type":"hr_tirestack_green"}
{"pos":[191.416351,-154.906021,25.776432],"rotationMatrix":[-0.520698905,0.853696406,0.00865470804,-0.85351187,-0.520298362,-0.028408261,-0.0197490007,-0.0221790504,0.999558926],"scale":1,"type":"hr_tirestack_green"}
{"pos":[191.898834,-154.456573,25.7959347],"rotationMatrix":[-0.962400556,-0.270479441,-0.0250164829,0.270914972,-0.962470174,-0.0160034485,-0.0197490156,-0.0221790709,0.999558926],"scale":1,"type":"hr_tirestack_green"}
{"pos":[191.68161,-153.857956,25.8064957],"rotationMatrix":[0.0378190279,-0.998987496,-0.0243671983,0.99909395,0.0373241901,0.0204530805,-0.0195228867,-0.0251186341,0.999493837],"scale":1,"type":"hr_tirestack_green"}
{"pos":[192.096283,-153.270462,25.8286953],"rotationMatrix":[-0.843354702,-0.536573291,-0.0290149357,0.537026525,-0.843500137,-0.0104851145,-0.0188480709,-0.0244244616,0.999523997],"scale":1,"type":"hr_tirestack_green"}
{"pos":[192.303558,-153.947571,25.8162174],"rotationMatrix":[-0.224589944,-0.974036217,-0.0285107009,0.974215746,-0.225085258,0.0155068086,-0.0215215273,-0.0242929012,0.999473214],"scale":1,"type":"hr_tirestack_green"}
{"pos":[192.855377,-153.52504,25.8383694],"rotationMatrix":[-0.816899538,-0.575914443,-0.0315881893,0.576378405,-0.817149043,-0.0074503012,-0.0215215236,-0.0242928974,0.999473214],"scale":1,"type":"hr_tirestack_green"}
{"pos":[192.700958,-152.916885,25.8496189],"rotationMatrix":[0.757226646,-0.653152049,0.00038731657,0.652812421,0.756851792,0.0318017192,-0.0210644994,-0.0238282643,0.999494135],"scale":1,"type":"hr_tirestack_green"}
{"pos":[193.32019,-153.070206,25.8592529],"rotationMatrix":[-0.121082783,-0.992295206,-0.0262542777,0.992403924,-0.121591091,0.0187102892,-0.0217584148,-0.0237893537,0.999480188],"scale":1,"type":"hr_tirestack_green"}
{"pos":[193.564423,-153.678268,25.8491745],"rotationMatrix":[0.802582622,-0.596539855,0.00115819555,0.596189737,0.802175164,0.0327537693,-0.020468004,-0.0255971011,0.999462783],"scale":1,"type":"hr_tirestack_green"}
{"pos":[193.672485,-154.329239,25.8346996],"rotationMatrix":[-0.424468279,-0.904883385,-0.0318240039,0.905220509,-0.424880743,0.00722972117,-0.020063458,-0.0257389527,0.999467313],"scale":1,"type":"hr_tirestack_green"}
{"pos":[191.749725,-156.166748,25.7489872],"rotationMatrix":[-0.64497292,0.764143229,0.00975427218,-0.764012814,-0.644471169,-0.0306829028,-0.0171597842,-0.0272420272,0.999481559],"scale":1,"type":"hr_tirestack_green"}
{"pos":[192.255646,-155.802933,25.7678242],"rotationMatrix":[0.987674177,0.154573083,0.0246357396,-0.155119717,0.987649083,0.0220721662,-0.0209197029,-0.0256215967,0.999452829],"scale":1,"type":"hr_tirestack_green"}
{"pos":[192.717377,-155.342407,25.7892952],"rotationMatrix":[0.999744296,-0.00912235025,0.0206919536,0.0085871974,0.999630094,0.0258058794,-0.0209197104,-0.025621593,0.999452829],"scale":1,"type":"hr_tirestack_green"}
{"pos":[193.204376,-154.826508,25.8124962],"rotationMatrix":[0.485200942,0.873808026,0.032242883,-0.874172449,0.485589385,-0.00504306238,-0.0200634692,-0.0257389434,0.999467313],"scale":1,"type":"hr_tirestack_green"}
{"pos":[193.134979,-154.128143,25.8289089],"rotationMatrix":[0.864906251,0.50101459,0.0303563662,-0.501521468,0.865064263,0.0118330522,-0.020331677,-0.02545885,0.999469101],"scale":1,"type":"hr_tirestack_green"}
{"pos":[192.603973,-154.547424,25.8074188],"rotationMatrix":[0.304444432,0.952042937,0.0304609146,-0.952313066,0.304901958,-0.0115996068,-0.0203309152,-0.0254768915,0.999468625],"scale":1,"type":"hr_tirestack_green"}
{"pos":[192.160675,-155.042404,25.7857704],"rotationMatrix":[-0.807151198,0.590339482,0.0024772617,-0.590130985,-0.806738973,-0.0302917175,-0.0158838946,-0.0259119049,0.999538004],"scale":1,"type":"hr_tirestack_green"}
{"pos":[191.696198,-155.4823,25.7667255],"rotationMatrix":[-0.808668733,0.588260412,0.0021499279,-0.588014007,-0.808212519,-0.0321241878,-0.0171597898,-0.0272420123,0.999481559],"scale":1,"type":"hr_tirestack_green"}
{"pos":[191.158173,-155.913147,25.7450771],"rotationMatrix":[-0.995900393,0.0889120251,-0.0166415647,-0.0884096324,-0.995667219,-0.0288188867,-0.0191318057,-0.0272294693,0.999446094],"scale":1,"type":"hr_tirestack_green"}
{"pos":[189.491119,-154.537903,25.7406311],"rotationMatrix":[-0.0613472462,-0.997893214,-0.0211109258,0.997773051,-0.0618672371,0.0249261241,-0.0261796862,-0.0195347611,0.99946636],"scale":1,"type":"hr_tirestack_green"}
{"pos":[191.134369,-156.525558,25.7280235],"rotationMatrix":[-0.990271807,0.138337731,-0.0149757219,-0.137858927,-0.990017891,-0.0293147061,-0.0188815631,-0.0269649904,0.999458015],"scale":1,"type":"hr_tirestack_green"}
{"pos":[190.587616,-156.825699,25.7097187],"rotationMatrix":[-0.276322722,0.960852027,0.0202250015,-0.96087873,-0.27579391,-0.0254871752,-0.0189114716,-0.0264764633,0.999470532],"scale":1,"type":"hr_tirestack_green"}
{"pos":[190.586578,-156.206635,25.726284],"rotationMatrix":[-0.414405227,-0.909516692,-0.0323672779,0.909896612,-0.414791703,0.00599863939,-0.0188815445,-0.026965009,0.999458015],"scale":1,"type":"hr_tirestack_green"}
{"pos":[190.667969,-154.866653,25.7611198],"rotationMatrix":[-0.0941605568,-0.995200992,-0.0266195275,0.995311379,-0.0946974754,0.0196841992,-0.0221105404,-0.0246412456,0.999451816],"scale":1,"type":"hr_tirestack_green"}
{"pos":[-225.123627,387.958405,28.4228687],"rotationMatrix":[0.986947477,0.160137996,-0.0170424823,-0.159607932,0.986757159,0.0289074443,0.0214459728,-0.0258100145,0.999436796],"scale":1,"type":"hr_tirestack_green"}
{"pos":[-224.438049,387.931183,28.4074574],"rotationMatrix":[0.843399644,-0.536336005,-0.0319483392,0.536858499,0.84360981,0.0102659166,0.0214459524,-0.0258100107,0.999436796],"scale":1,"type":"hr_tirestack_green"}
{"pos":[-223.777023,387.892029,28.393858],"rotationMatrix":[0.889191329,0.457503527,-0.00541641889,-0.45714429,0.88885808,0.0308290683,0.0189188346,-0.0249368548,0.99950999],"scale":1,"type":"hr_tirestack_green"}
{"pos":[-223.115692,387.913879,28.3813324],"rotationMatrix":[0.933175087,-0.358203113,-0.0295771491,0.358791888,0.933250487,0.0176620912,0.021276271,-0.0270938631,0.999406457],"scale":1,"type":"hr_tirestack_green"}
{"pos":[-222.429977,387.917389,28.3687592],"rotationMatrix":[-0.907434106,0.419296265,0.0274571571,-0.419796765,-0.907479882,-0.0158431213,0.0182738546,-0.0259030145,0.999497414],"scale":1,"type":"hr_tirestack_green"}
{"pos":[-221.75061,387.871857,28.3550434],"rotationMatrix":[0.422214806,0.906338751,0.0168715343,-0.906263173,0.421611786,0.0305046029,0.0205342695,-0.0281695463,0.999392211],"scale":1,"type":"hr_tirestack_green"}
{"pos":[-222.096878,387.371429,28.348053],"rotationMatrix":[-0.0803318024,0.99632448,0.0297336467,-0.99655658,-0.0808935165,0.0181958862,0.0205342732,-0.0281695537,0.999392211],"scale":1,"type":"hr_tirestack_green"}
{"pos":[-222.7686,387.378296,28.3609772],"rotationMatrix":[-0.992568731,0.119815521,0.0212523174,-0.120305799,-0.992458344,-0.0235210452,0.0182738509,-0.0259030294,0.999497414],"scale":1,"type":"hr_tirestack_green"}
{"pos":[-223.423264,387.393555,28.3737736],"rotationMatrix":[-0.724170566,0.688777864,0.0340895429,-0.68929261,-0.724466085,-0.00496595446,0.0212762747,-0.0270938687,0.999406457],"scale":1,"type":"hr_tirestack_green"}
{"pos":[-224.116364,387.379211,28.3874817],"rotationMatrix":[0.0482955575,0.998544753,0.0239986274,-0.998653948,0.0478178263,0.0200956427,0.0189188365,-0.0249368548,0.99950999],"scale":1,"type":"hr_tirestack_green"}
{"pos":[-224.762482,387.398621,28.4006653],"rotationMatrix":[0.882101059,-0.470034659,-0.0310666077,0.470571756,0.882270515,0.012686695,0.0214459673,-0.0258100145,0.999436796],"scale":1,"type":"hr_tirestack_green"}
{"pos":[-221.44252,387.313629,28.3345585],"rotationMatrix":[-0.803325772,0.594815671,0.0293650553,-0.595315397,-0.803400278,-0.0121606886,0.0163585208,-0.0272504613,0.999494791],"scale":1,"type":"hr_tirestack_green"}
{"pos":[-221.121552,387.843781,28.3433781],"rotationMatrix":[0.833667696,-0.551521063,-0.0286828764,0.551985145,0.833775997,0.0114043681,0.0176253468,-0.0253399722,0.99952352],"scale":1,"type":"hr_tirestack_green"}
{"pos":[-220.770569,387.349304,28.3245354],"rotationMatrix":[-0.846061468,0.532330334,0.0283608753,-0.532834232,-0.846097946,-0.0143474424,0.0163585003,-0.027250465,0.999494791],"scale":1,"type":"hr_tirestack_green"}
{"pos":[-220.43692,387.875122,28.3316364],"rotationMatrix":[-0.855716228,0.51647234,0.031716086,-0.517004609,-0.85590899,-0.0112237651,0.0213493202,-0.0260017235,0.999433875],"scale":1,"type":"hr_tirestack_green"}
{"pos":[-220.111832,387.304199,28.3102379],"rotationMatrix":[0.886059642,-0.462593347,-0.030094156,0.463111371,0.886204362,0.0130272834,0.0206432361,-0.0254798941,0.999462187],"scale":1,"type":"hr_tirestack_green"}
{"pos":[-214.786072,387.37207,28.22509],"rotationMatrix":[0.897284031,-0.440847188,-0.0231342521,0.441276401,0.897176445,0.018697679,0.0125126857,-0.0269857273,0.999557495],"scale":1,"type":"hr_tirestack_green"}
{"pos":[-215.125107,387.934753,28.2437096],"rotationMatrix":[-0.868270516,0.495445281,0.0253078155,-0.495898455,-0.868225098,-0.0164363962,0.0138295433,-0.0268213432,0.999544561],"scale":1,"type":"hr_tirestack_green"}
{"pos":[-215.445724,387.400909,28.2338161],"rotationMatrix":[-0.858926892,0.511457622,0.0256082099,-0.511911571,-0.858889937,-0.0159643423,0.013829546,-0.0268213395,0.999544561],"scale":1,"type":"hr_tirestack_green"}
{"pos":[-215.808746,387.886719,28.2519245],"rotationMatrix":[0.847010911,-0.530929446,-0.0261994582,0.531392932,0.846982658,0.0155554749,0.0139316265,-0.0270978622,0.99953568],"scale":1,"type":"hr_tirestack_green"}
{"pos":[-216.116577,387.348816,28.241703],"rotationMatrix":[-0.817737818,0.574969292,0.0267425813,-0.575424671,-0.817735195,-0.0139812408,0.0138295665,-0.0268213302,0.999544561],"scale":1,"type":"hr_tirestack_green"}
{"pos":[-219.437637,387.352173,28.2974091],"rotationMatrix":[0.893387318,-0.448236495,-0.0307110846,0.448772639,0.893547654,0.0132573936,0.0214993693,-0.0256262813,0.999440372],"scale":1,"type":"hr_tirestack_green"}
{"pos":[-218.791214,387.348694,28.2850609],"rotationMatrix":[0.0237309337,0.999465942,0.0224648006,-0.999563575,0.0233258009,0.0181258973,0.0175922066,-0.0228851419,0.999583304],"scale":1,"type":"hr_tirestack_green"}
{"pos":[-218.098724,387.380066,28.2735157],"rotationMatrix":[-0.740968585,0.670915902,0.0289377496,-0.671301901,-0.741164804,-0.00533622876,0.0178674832,-0.0233799443,0.999566972],"scale":1,"type":"hr_tirestack_green"}
{"pos":[-217.443863,387.380859,28.2627831],"rotationMatrix":[-0.995275497,0.0954952389,0.017534785,-0.0958430171,-0.995191693,-0.0201964676,0.0155218029,-0.0217816345,0.999642253],"scale":1,"type":"hr_tirestack_green"}
{"pos":[-216.772202,387.390564,28.2525654],"rotationMatrix":[-0.104887128,0.994211316,0.0232919119,-0.99436295,-0.10521102,0.0131473411,0.0155218029,-0.021781629,0.999642253],"scale":1,"type":"hr_tirestack_green"}
{"pos":[-216.438354,387.899353,28.2609844],"rotationMatrix":[0.399845779,0.916381776,0.0191824604,-0.916478932,0.399398386,0.0233976934,0.0137797724,-0.0269357879,0.999542177],"scale":1,"type":"hr_tirestack_green"}
{"pos":[-217.118637,387.92807,28.270895],"rotationMatrix":[-0.917539001,0.396981269,0.0229853466,-0.3974199,-0.917433262,-0.0193342287,0.0134121934,-0.0268747378,0.999548852],"scale":1,"type":"hr_tirestack_green"}
{"pos":[-217.804001,387.907745,28.2804852],"rotationMatrix":[0.941794455,-0.335313439,-0.0242520366,0.335728705,0.941828609,0.015654197,0.017592201,-0.0228851419,0.999583304],"scale":1,"type":"hr_tirestack_green"}
{"pos":[-218.464584,387.869659,28.2912388],"rotationMatrix":[0.877705574,0.479179382,-0.00447655143,-0.478877246,0.877418578,0.0285162367,0.0175922029,-0.02288514,0.999583304],"scale":1,"type":"hr_tirestack_green"}
{"pos":[-219.126404,387.8927,28.304575],"rotationMatrix":[0.856325328,-0.51546675,-0.0316376537,0.515989006,0.856526315,0.0108622164,0.0214993712,-0.0256262757,0.999440372],"scale":1,"type":"hr_tirestack_green"}
{"pos":[-219.812454,387.903046,28.3193226],"rotationMatrix":[0.982747078,0.184295639,-0.0155996354,-0.183799043,0.982540548,0.028844757,0.020643238,-0.0254799034,0.999462187],"scale":1,"type":"hr_tirestack_green"}
{"pos":[-214.476715,387.947662,28.2358208],"rotationMatrix":[0.985652506,0.168633714,-0.00720079103,-0.168392703,0.985368192,0.0263325516,0.0115359873,-0.0247421842,0.999627292],"scale":1,"type":"hr_tirestack_green"}
{"pos":[-213.790878,387.926575,28.2278976],"rotationMatrix":[0.848270655,-0.529050529,-0.0232910197,0.529469192,0.848127544,0.0184967499,0.00996804051,-0.0280221272,0.999557614],"scale":1,"type":"hr_tirestack_green"}
{"pos":[-213.129578,387.893127,28.2206211],"rotationMatrix":[0.885236025,0.465121567,0.00437554531,-0.465043783,0.884816229,0.0288876388,0.00956470985,-0.0276071969,0.999573112],"scale":1,"type":"hr_tirestack_green"}
{"pos":[-212.468445,387.920898,28.216116],"rotationMatrix":[0.936516821,-0.35025239,-0.0161102656,0.350551665,0.936263084,0.0229133777,0.00705798157,-0.0271062441,0.999607623],"scale":1,"type":"hr_tirestack_green"}
{"pos":[-211.782822,387.93042,28.2108154],"rotationMatrix":[-0.91123867,0.411457807,0.0186174773,-0.411792427,-0.911042094,-0.0207210053,0.00843548682,-0.0265483167,0.999611914],"scale":1,"type":"hr_tirestack_green"}
{"pos":[-211.103058,387.890991,28.2055912],"rotationMatrix":[0.414190412,0.909958661,0.0205310527,-0.910172284,0.413935423,0.0156136034,0.00570920436,-0.0251538008,0.999667287],"scale":1,"type":"hr_tirestack_green"}
{"pos":[-211.444855,387.387482,28.1949139],"rotationMatrix":[-0.0892430544,0.995690048,0.0252358839,-0.995994389,-0.0893540382,0.00330323447,0.00554392952,-0.0248400085,0.999676049],"scale":1,"type":"hr_tirestack_green"}
{"pos":[-212.116638,387.388306,28.199192],"rotationMatrix":[-0.993736982,0.111292496,0.0100344382,-0.111520827,-0.993417859,-0.0261509847,0.00705798296,-0.0271062497,0.999607623],"scale":1,"type":"hr_tirestack_green"}
{"pos":[-212.771423,387.397797,28.2042522],"rotationMatrix":[-0.730434895,0.682634294,0.0218008496,-0.682932794,-0.730394244,-0.0112726521,0.00822811574,-0.0231224541,0.999698758],"scale":1,"type":"hr_tirestack_green"}
{"pos":[-213.464325,387.377411,28.2100677],"rotationMatrix":[0.0394598246,0.998895288,0.0255198125,-0.999169827,0.0391860008,0.0111435149,0.0101311821,-0.0259383488,0.999612212],"scale":1,"type":"hr_tirestack_green"}
{"pos":[-214.110611,387.391083,28.2172241],"rotationMatrix":[0.88638854,-0.462429494,-0.0217776317,0.462810129,0.886277795,0.0178439077,0.0110494811,-0.0258955453,0.99960357],"scale":1,"type":"hr_tirestack_green"}
{"pos":[-210.789978,387.335449,28.1900558],"rotationMatrix":[-0.808697343,0.587964416,0.0175066125,-0.588210702,-0.808527112,-0.0170953199,0.0041031302,-0.0241225138,0.999700606],"scale":1,"type":"hr_tirestack_green"}
{"pos":[-210.473846,387.8685,28.2016201],"rotationMatrix":[0.838660359,-0.54440248,-0.0165784471,0.544639349,0.838477254,0.0179968383,0.0041031288,-0.0241225082,0.999700606],"scale":1,"type":"hr_tirestack_green"}
{"pos":[-210.118408,387.377014,28.1883183],"rotationMatrix":[-0.850879192,0.525120556,0.0159138385,-0.525346696,-0.850693107,-0.0182320587,0.00396376243,-0.0238735601,0.999707103],"scale":1,"type":"hr_tirestack_green"}
{"pos":[-209.789474,387.905731,28.1998253],"rotationMatrix":[-0.860463381,0.509235322,0.0168034509,-0.50950104,-0.860196829,-0.0216858946,0.00341105182,-0.0272212923,0.999623597],"scale":1,"type":"hr_tirestack_green"}
{"pos":[-209.459259,387.33786,28.1845722],"rotationMatrix":[0.890319347,-0.45507884,-0.0153197479,0.455311418,0.890120089,0.0194354951,0.00479173241,-0.0242790543,0.999693751],"scale":1,"type":"hr_tirestack_green"}
{"pos":[-225.48114,387.422455,28.4169979],"rotationMatrix":[0.890081465,-0.454704881,-0.0315982141,0.455254138,0.890270174,0.0127566028,0.0223304555,-0.0257396344,0.999419272],"scale":1,"type":"hr_tirestack_green"}
{"pos":[-225.81134,387.990509,28.4397469],"rotationMatrix":[-0.860142469,0.508778751,0.0360427015,-0.50939256,-0.860476971,-0.00992837548,0.025962567,-0.0268997028,0.999300957],"scale":1,"type":"hr_tirestack_green"}
{"pos":[-226.140244,387.461639,28.4340572],"rotationMatrix":[-0.850548744,0.524647295,0.0362206064,-0.525254905,-0.850894451,-0.0092583159,0.025962567,-0.0268997028,0.999300957],"scale":1,"type":"hr_tirestack_green"}
{"pos":[-226.495667,387.953094,28.4559631],"rotationMatrix":[0.838389158,-0.543984652,-0.0344140567,0.544569135,0.838656127,0.0100195818,0.0234110616,-0.0271411426,0.999357462],"scale":1,"type":"hr_tirestack_green"}
{"pos":[-226.81189,387.420105,28.4488945],"rotationMatrix":[-0.808426857,0.58756125,0.0348956361,-0.588130832,-0.808724403,-0.00818619039,0.0234110616,-0.0271411352,0.999357462],"scale":1,"type":"hr_tirestack_green"}
{"pos":[-230.132507,387.4758,28.5294476],"rotationMatrix":[0.886166394,-0.46217221,-0.0332551785,0.462722301,0.886436105,0.0109103266,0.0244361404,-0.0250562783,0.999387324],"scale":1,"type":"hr_tirestack_green"}
{"pos":[-229.486176,387.462036,28.5133018],"rotationMatrix":[0.0394807458,0.998930216,0.0240794681,-0.998921514,0.0388681889,0.025399223,0.0244361237,-0.0250562802,0.999387324],"scale":1,"type":"hr_tirestack_green"}
{"pos":[-228.793274,387.482483,28.4977646],"rotationMatrix":[-0.730146408,0.682259142,0.0375313982,-0.682830513,-0.730568647,-0.00343737751,0.0250740852,-0.0281373747,0.999289513],"scale":1,"type":"hr_tirestack_green"}
{"pos":[-228.138535,387.473022,28.4810696],"rotationMatrix":[-0.993439674,0.110864468,0.0280489568,-0.111574925,-0.993437171,-0.0251729712,0.0250740889,-0.0281373858,0.999289513],"scale":1,"type":"hr_tirestack_green"}
{"pos":[-227.466751,387.472107,28.4653549],"rotationMatrix":[-0.0891414881,0.995599568,0.0289014373,-0.995757043,-0.0897458792,0.020334892,0.0228391942,-0.0269661285,0.999375403],"scale":1,"type":"hr_tirestack_green"}
{"pos":[-227.124954,387.975616,28.4711285],"rotationMatrix":[0.414159477,0.910079181,0.0150916707,-0.909917772,0.413556099,0.0319537595,0.0228392016,-0.0269661304,0.999375403],"scale":1,"type":"hr_tirestack_green"}
{"pos":[-227.804703,388.015106,28.4881554],"rotationMatrix":[-0.910980344,0.411110878,0.0332028419,-0.411757469,-0.911161661,-0.0154965725,0.0238823462,-0.0277885925,0.999328494],"scale":1,"type":"hr_tirestack_green"}
{"pos":[-228.490356,388.005585,28.5048904],"rotationMatrix":[0.936215281,-0.349841714,-0.0333420709,0.35053134,0.936386168,0.01757068,0.0250740983,-0.0281373803,0.999289513],"scale":1,"type":"hr_tirestack_green"}
{"pos":[-229.151443,387.977783,28.5186405],"rotationMatrix":[0.88508904,0.465373725,-0.00668348698,-0.464971453,0.884773135,0.0312737748,0.0204673633,-0.0245724451,0.999488533],"scale":1,"type":"hr_tirestack_green"}
{"pos":[-229.81282,388.011261,28.5350571],"rotationMatrix":[0.848055005,-0.52881664,-0.0339941941,0.52934438,0.848366141,0.00832686666,0.0244361386,-0.0250562802,0.999387324],"scale":1,"type":"hr_tirestack_green"}
{"pos":[-230.498627,388.03241,28.5529861],"rotationMatrix":[0.985348582,0.168994755,-0.0229997374,-0.168275952,0.985275447,0.0302577838,0.027774483,-0.0259441622,0.999277472],"scale":1,"type":"hr_tirestack_green"}
{"pos":[-235.83432,387.987701,28.6991463],"rotationMatrix":[0.982549548,0.184477568,-0.0237584058,-0.183744609,0.982514799,0.0300424397,0.0288851429,-0.0251527056,0.999266207],"scale":1,"type":"hr_tirestack_green"}
{"pos":[-235.1483,387.977386,28.6790562],"rotationMatrix":[0.856158733,-0.515334249,-0.0377199985,0.515904903,0.856620073,0.00664920639,0.0288851447,-0.0251527056,0.999266207],"scale":1,"type":"hr_tirestack_green"}
{"pos":[-234.486496,387.954315,28.6599617],"rotationMatrix":[0.877535462,0.479353517,-0.0123141743,-0.478726476,0.877278626,0.0346861333,0.0274298824,-0.0245431922,0.999322414],"scale":1,"type":"hr_tirestack_green"}
{"pos":[-233.825897,387.992462,28.6427898],"rotationMatrix":[0.941576362,-0.335096419,-0.0338276848,0.335703969,0.941862345,0.0140772825,0.0271437746,-0.0246109217,0.999328554],"scale":1,"type":"hr_tirestack_green"}
{"pos":[-233.140472,388.012756,28.6242294],"rotationMatrix":[-0.917240024,0.39668268,0.0362442583,-0.397328913,-0.917590976,-0.012512709,0.0282938275,-0.0258780457,0.999264598],"scale":1,"type":"hr_tirestack_green"}
{"pos":[-232.46022,387.984009,28.60466],"rotationMatrix":[0.399763882,0.916527867,0.0128620416,-0.916254401,0.399170578,0.0337745473,0.025821168,-0.0252867471,0.999346733],"scale":1,"type":"hr_tirestack_green"}
{"pos":[-232.794098,387.47525,28.6003628],"rotationMatrix":[-0.104740262,0.994049311,0.0299249534,-0.994101882,-0.10550189,0.0251168218,0.0281244945,-0.0271177124,0.999236524],"scale":1,"type":"hr_tirestack_green"}
{"pos":[-233.465775,387.465576,28.6190052],"rotationMatrix":[-0.99499011,0.0951793939,0.0305879973,-0.095936209,-0.995090723,-0.0243049916,0.0281244963,-0.0271177236,0.999236524],"scale":1,"type":"hr_tirestack_green"}
{"pos":[-234.12059,387.464691,28.6366482],"rotationMatrix":[-0.740737438,0.67064923,0.0392133296,-0.671256006,-0.741218567,-0.00323287025,0.0268975254,-0.028716892,0.999225616],"scale":1,"type":"hr_tirestack_green"}
{"pos":[-234.813095,387.43338,28.6543941],"rotationMatrix":[0.0238571167,0.999321043,0.0280774422,-0.999353468,0.0230834484,0.0275643691,0.0268975273,-0.0287168957,0.999225616],"scale":1,"type":"hr_tirestack_green"}
{"pos":[-235.459549,387.436951,28.6721058],"rotationMatrix":[0.893186569,-0.448014498,-0.038740389,0.44879359,0.893525004,0.014048635,0.0283215139,-0.0299344882,0.999150574],"scale":1,"type":"hr_tirestack_green"}
{"pos":[-232.138474,387.433502,28.5806141],"rotationMatrix":[-0.817458153,0.574705839,0.0384131968,-0.575274944,-0.817946076,-0.00480972603,0.0286557432,-0.0260298997,0.999250352],"scale":1,"type":"hr_tirestack_green"}
{"pos":[-231.830658,387.971344,28.5864468],"rotationMatrix":[0.846720219,-0.530635893,-0.0386072807,0.531275809,0.847161412,0.00797035825,0.0284772422,-0.0272597745,0.999222696],"scale":1,"type":"hr_tirestack_green"}
{"pos":[-231.467575,387.485596,28.5633259],"rotationMatrix":[-0.858721375,0.511238575,0.0351094492,-0.511826038,-0.85903275,-0.00983481854,0.0251322296,-0.0264152996,0.99933511],"scale":1,"type":"hr_tirestack_green"}
{"pos":[-231.147003,388.01944,28.5693722],"rotationMatrix":[-0.868064761,0.495221436,0.0349210352,-0.495814621,-0.868365169,-0.0104841636,0.025132224,-0.0264152922,0.99933511],"scale":1,"type":"hr_tirestack_green"}
{"pos":[-230.807953,387.456787,28.5459728],"rotationMatrix":[0.897056639,-0.440589726,-0.0342060886,0.441200316,0.897319853,0.0126229962,0.0251322407,-0.026415281,0.99933511],"scale":1,"type":"hr_tirestack_green"}
{"pos":[-236.133698,387.388885,28.6897736],"rotationMatrix":[0.885844529,-0.462343425,-0.0389615521,0.463116974,0.886195481,0.0134230331,0.028321499,-0.0299344771,0.999150574],"scale":1,"type":"hr_tirestack_green"}
{"pos":[-236.458878,387.959808,28.7169609],"rotationMatrix":[-0.855455041,0.516188681,0.0417833887,-0.516979516,-0.855936408,-0.0102438284,0.030476179,-0.0303642899,0.999074161],"scale":1,"type":"hr_tirestack_green"}
{"pos":[-236.792465,387.43399,28.7111568],"rotationMatrix":[-0.84572196,0.531971157,0.0419661552,-0.532752931,-0.846217871,-0.00946730003,0.0304761827,-0.0303642936,0.999074161],"scale":1,"type":"hr_tirestack_green"}
{"pos":[-237.143417,387.928436,28.7367649],"rotationMatrix":[0.833405018,-0.551195264,-0.0402477644,0.551972508,0.833792508,0.0107871853,0.0276124366,-0.0312057547,0.999131501],"scale":1,"type":"hr_tirestack_green"}
{"pos":[-237.464386,387.398254,28.7294579],"rotationMatrix":[-0.80299437,0.594451547,0.0427503027,-0.595241904,-0.803509951,-0.00767707452,0.0297866426,-0.0316114202,0.99905628],"scale":1,"type":"hr_tirestack_green"}
{"pos":[-240.784348,387.483337,28.8423824],"rotationMatrix":[0.881649494,-0.469572723,-0.0468572043,0.470579445,0.88226521,0.0127718244,0.0353431813,-0.0333103091,0.998819947],"scale":1,"type":"hr_tirestack_green"}
{"pos":[-240.138214,387.463867,28.8185329],"rotationMatrix":[0.0485219955,0.99832052,0.0316508859,-0.998170435,0.0473214984,0.037635725,0.0360747501,-0.0334191434,0.998790145],"scale":1,"type":"hr_tirestack_green"}
{"pos":[-239.44516,387.47821,28.7950916],"rotationMatrix":[-0.723827958,0.688439548,0.0460881703,-0.689175069,-0.724594951,-9.71388072e-05,0.0333283804,-0.0318331271,0.998937368],"scale":1,"type":"hr_tirestack_green"}
{"pos":[-238.790543,387.462982,28.7727776],"rotationMatrix":[-0.99218595,0.119412683,0.0361614935,-0.120423414,-0.992350221,-0.0271896273,0.0326380767,-0.0313318558,0.998975992],"scale":1,"type":"hr_tirestack_green"}
{"pos":[-238.11879,387.456116,28.7509594],"rotationMatrix":[-0.0802023411,0.996213973,0.03354422,-0.996284544,-0.0811765194,0.0287633073,0.0313774124,-0.0311127063,0.999023259],"scale":1,"type":"hr_tirestack_green"}
{"pos":[-237.772461,387.956482,28.7563057],"rotationMatrix":[0.422214389,0.906353176,0.0160899349,-0.906006515,0.42133671,0.0403440259,0.0297866538,-0.0316114165,0.99905628],"scale":1,"type":"hr_tirestack_green"}
{"pos":[-238.451889,388.002014,28.7786446],"rotationMatrix":[-0.907007456,0.418850392,0.0436087549,-0.419793516,-0.907497168,-0.0149132824,0.0333283842,-0.0318331309,0.998937368],"scale":1,"type":"hr_tirestack_green"}
