{"pos":[-139.447006,274.78656,30.8108006],"rotationMatrix":[0.277722538,0.960506439,-0.01724956,-0.960647702,0.277769327,0.000332850963,0.00511110434,0.0164783094,0.999851167],"scale":1,"type":"pole_barrierfence"}
{"pos":[-140.621597,270.999634,30.8784542],"rotationMatrix":[0.277697802,0.960494518,-0.0182816982,-0.960653186,0.277750432,0.00035276264,0.00541657675,0.0174644105,0.999832809],"scale":1,"type":"pole_barrierfence"}
{"pos":[-141.796051,267.212769,30.9533081],"rotationMatrix":[0.27771306,0.960477829,-0.0189133398,-0.960647702,0.277769327,0.000364828855,0.00560395606,0.0180677399,0.999821067],"scale":1,"type":"pole_barrierfence"}
{"pos":[-142.969986,263.425507,31.0254612],"rotationMatrix":[0.279654205,0.959974825,-0.0155503517,-0.960089624,0.279692471,0.00029992871,0.00463724043,0.0148458546,0.999879062],"scale":1,"type":"pole_barrierfence"}
{"pos":[-144.153168,259.641174,31.0858727],"rotationMatrix":[0.279436111,0.959996104,-0.0179655552,-0.960149288,0.279487193,0.000346743502,0.00535401423,0.0171527229,0.999838531],"scale":0.99999994,"type":"pole_barrierfence"}
{"pos":[-145.335144,255.856659,31.1574917],"rotationMatrix":[0.276803553,0.960653722,-0.0228944141,-0.96090275,0.276885867,0.000441711396,0.00676347315,0.0218770374,0.999737799],"scale":0.99999994,"type":"pole_barrierfence"}
{"pos":[-146.506714,252.069199,31.2486324],"rotationMatrix":[0.272296369,0.961937189,-0.023056373,-0.962190032,0.272378623,0.000444887206,0.00670801755,0.0220634714,0.999734044],"scale":0.99999994,"type":"pole_barrierfence"}
{"pos":[-147.660538,248.276245,31.340374],"rotationMatrix":[0.265995324,0.963717341,-0.0222558975,-0.963953495,0.266070426,0.000429478474,0.00633553136,0.0213394091,0.999752223],"scale":1,"type":"pole_barrierfence"}
{"pos":[-148.789612,244.475723,31.4272861],"rotationMatrix":[0.257731318,0.96597445,-0.0216323622,-0.966198087,0.257800341,0.000417355448,0.005979985,0.0207935814,0.999765933],"scale":1,"type":"pole_barrierfence"}
{"pos":[-149.886261,240.665787,31.5134106],"rotationMatrix":[0.247072816,0.968703568,-0.0238399711,-0.9689762,0.24715364,0.000460054725,0.00633779168,0.022986697,0.999715686],"scale":1,"type":"pole_barrierfence"}
{"pos":[-150.941177,236.844177,31.6082954],"rotationMatrix":[0.233290493,0.972083688,-0.0250771753,-0.972386599,0.233375609,0.000483884476,0.00632277969,0.0242718197,0.999685407],"scale":1,"type":"pole_barrierfence"}
{"pos":[-151.942352,233.008148,31.7094803],"rotationMatrix":[0.215043426,0.976303458,-0.0242449753,-0.976588011,0.215117693,0.000467981212,0.00567241479,0.0235767141,0.999705911],"scale":1,"type":"pole_barrierfence"}
{"pos":[-152.87262,229.153915,31.8061657],"rotationMatrix":[0.189823329,0.981614053,-0.0200234093,-0.981809318,0.189868927,0.000386307016,0.00418102834,0.0195858423,0.99979943],"scale":1,"type":"pole_barrierfence"}
{"pos":[-153.705795,225.276672,31.8865528],"rotationMatrix":[0.152444541,0.98821795,-0.0136377271,-0.988309264,0.152462244,0.000263225287,0.00233936263,0.0134381652,0.999906957],"scale":1,"type":"pole_barrierfence"}
{"pos":[-154.399033,221.369522,31.9391632],"rotationMatrix":[0.0758928657,0.997083843,-0.00801064074,-0.997115672,0.0758965611,0.00015480537,0.000762334326,0.00797578692,0.999967873],"scale":1,"type":"pole_barrierfence"}
{"pos":[-154.776306,217.418991,31.9704609],"rotationMatrix":[-0.0109570026,0.99993062,-0.00433790358,-0.999940038,-0.010956645,8.38723499e-05,3.63378786e-05,0.00433856249,0.999990582],"scale":1,"type":"pole_barrierfence"}
{"pos":[-154.80777,213.450836,31.9854088],"rotationMatrix":[-0.0958278179,0.995387018,-0.00467230752,-0.995397866,-0.095828414,9.00703017e-05,-0.000358085148,0.00465943571,0.999989092],"scale":1,"type":"pole_barrierfence"}
{"pos":[-154.501007,209.494827,32.0055313],"rotationMatrix":[-0.174179554,0.984707355,-0.00358953094,-0.984713793,-0.174180508,6.93276525e-05,-0.00055695849,0.00354673574,0.999993563],"scale":1,"type":"pole_barrierfence"}
{"pos":[-153.881866,205.575943,32.0187836],"rotationMatrix":[-0.242650509,0.970113695,0.00010904394,-0.970113695,-0.242650509,-1.97744521e-06,2.45412302e-05,-0.000106264852,1],"scale":1,"type":"pole_barrierfence"}
{"pos":[-152.989868,201.710602,32.0173569],"rotationMatrix":[-0.299489379,0.954099655,0.000261879293,-0.954099655,-0.299489379,-5.02580951e-06,7.36349321e-05,-0.000251364138,0.99999994],"scale":0.99999994,"type":"pole_barrierfence"}
{"pos":[-151.871445,197.905197,32.015419],"rotationMatrix":[-0.344446063,0.938802779,-0.00248324685,-0.938805759,-0.344447017,4.79752198e-05,-0.000810307625,0.00234781136,0.999996901],"scale":0.99999994,"type":"pole_barrierfence"}
{"pos":[-150.573975,194.157379,32.0266151],"rotationMatrix":[-0.378262043,0.925691843,-0.00353990309,-0.925697684,-0.378264189,6.8286201e-05,-0.00127580669,0.00330271013,0.999993742],"scale":1,"type":"pole_barrierfence"}
{"pos":[-149.140549,190.45961,32.0415573],"rotationMatrix":[-0.40138638,0.915908337,-0.000970400986,-0.915908813,-0.401386619,1.87414116e-05,-0.000372340524,0.000896321319,0.999999523],"scale":1,"type":"pole_barrierfence"}
{"pos":[-147.620697,186.796631,32.0450554],"rotationMatrix":[-0.414123893,0.910220027,0.000823818613,-0.910220385,-0.414124012,-1.58487237e-05,0.000326737325,-0.000756419846,0.999999642],"scale":1,"type":"pole_barrierfence"}
{"pos":[-200.270996,380.798828,28.0361042],"rotationMatrix":[-0.901243448,0.430046916,0.0531032756,-0.430688858,-0.902500153,-0.000717310235,0.0476172417,-0.0235174615,0.998588741],"scale":1,"type":"pole_barrierfence"}
{"pos":[-196.681641,379.026123,27.9918556],"rotationMatrix":[-0.901342511,0.430134088,0.0506584682,-0.430718273,-0.902486086,-0.00068424549,0.045424249,-0.0224362686,0.998715818],"scale":1.00000012,"type":"pole_barrierfence"}
{"pos":[-193.092499,377.253296,27.9594173],"rotationMatrix":[-0.901542783,0.430204988,0.0463086441,-0.43069309,-0.902498245,-0.000625573099,0.0415243432,-0.0205087941,0.998926997],"scale":1,"type":"pole_barrierfence"}
{"pos":[-189.503143,375.480469,27.9426804],"rotationMatrix":[-0.901657581,0.430294722,0.0431259908,-0.430718035,-0.902486324,-0.00058249291,0.0386699773,-0.0191003531,0.999069452],"scale":1.00000012,"type":"pole_barrierfence"}
{"pos":[-185.914154,373.707703,27.9406147],"rotationMatrix":[-0.901867509,0.430418551,0.0370809361,-0.430731475,-0.902480006,-0.000500854105,0.0332492292,-0.0164236315,0.999312162],"scale":1,"type":"pole_barrierfence"}
{"pos":[-182.325867,371.935364,27.9592819],"rotationMatrix":[-0.902178526,0.430599809,0.0256427247,-0.430749416,-0.902471423,-0.000346160028,0.022992773,-0.0113578886,0.999671102],"scale":0.99999994,"type":"pole_barrierfence"}
{"pos":[-178.737213,370.162659,28.0263958],"rotationMatrix":[-0.902273774,0.430647641,0.0210880004,-0.43074885,-0.9024719,-0.000284937676,0.0189086199,-0.00934072398,0.999777555],"scale":1,"type":"pole_barrierfence"}
{"pos":[-175.148926,368.390076,28.1110802],"rotationMatrix":[-0.902366877,0.430648476,0.0166116245,-0.43071124,-0.902489781,-0.00022445689,0.0148951598,-0.00735735614,0.999862015],"scale":1,"type":"pole_barrierfence"}
{"pos":[-171.560333,366.617432,28.2166595],"rotationMatrix":[-0.902372241,0.430632293,0.0167329144,-0.430696011,-0.902496934,-0.000226037577,0.0150040668,-0.00741076935,0.999859989],"scale":1,"type":"pole_barrierfence"}
{"pos":[-167.972015,364.845032,28.3168736],"rotationMatrix":[-0.902408838,0.430655509,0.0139411278,-0.430699736,-0.902495384,-0.00018835254,0.0125006866,-0.00617441069,0.999902785],"scale":1,"type":"pole_barrierfence"}
{"pos":[-164.384674,363.073212,28.4284515],"rotationMatrix":[-0.902446628,0.430767864,0.00541001419,-0.43077454,-0.902459621,-7.31925247e-05,0.00485079037,-0.00239654863,0.999985337],"scale":1,"type":"pole_barrierfence"}
{"pos":[-160.797455,361.301025,28.575531],"rotationMatrix":[-0.902474403,0.430715293,0.00495028216,-0.430720896,-0.902485251,-6.68237917e-05,0.00443877466,-0.00219249655,0.999987721],"scale":1,"type":"pole_barrierfence"}
{"pos":[-157.210602,359.529358,28.7239285],"rotationMatrix":[-0.902482867,0.430722356,0.00167460891,-0.430723011,-0.902484059,-2.27910641e-05,0.00150149141,-0.000741861179,0.999998569],"scale":0.99999994,"type":"pole_barrierfence"}
{"pos":[-153.62439,357.757874,28.8882523],"rotationMatrix":[-0.90249002,0.430700928,-0.00288476748,-0.430702835,-0.902493715,3.89046036e-05,-0.00258672843,0.00127758854,0.999995828],"scale":1,"type":"pole_barrierfence"}
{"pos":[-150.03833,355.986633,29.0684338],"rotationMatrix":[-0.902468681,0.430738032,-0.00387085462,-0.430741429,-0.902475357,5.21732727e-05,-0.00347087812,0.00171442213,0.99999249],"scale":1,"type":"pole_barrierfence"}
{"pos":[-146.45282,354.215424,29.2522469],"rotationMatrix":[-0.902454734,0.430725008,-0.00716737937,-0.430736691,-0.902477622,9.67447413e-05,-0.00642672926,0.00317456108,0.99997431],"scale":0.99999994,"type":"pole_barrierfence"}
{"pos":[-195.965698,388.511871,28.0915337],"rotationMatrix":[-0.999211311,-0.0397091359,0.000309821247,0.0397092775,-0.999211192,0.000456413458,0.000291453063,0.000468356215,0.999999821],"scale":0.999999762,"type":"pole_barrierfence"}
{"pos":[-199.955566,388.524475,28.0517178],"rotationMatrix":[-0.999192119,-0.0397589691,0.00583942048,0.0397609212,-0.999209166,0.000219018839,0.00582609512,0.000451022701,0.999982953],"scale":0.999999821,"type":"pole_barrierfence"}
{"pos":[-203.945648,388.536957,28.0339165],"rotationMatrix":[-0.999136329,-0.0397233367,0.0122015812,0.0397256389,-0.999210715,-5.38088789e-05,0.0121940877,0.000430953194,0.999925554],"scale":0.999999762,"type":"pole_barrierfence"}
{"pos":[-207.935669,388.549683,28.0428848],"rotationMatrix":[-0.999100566,-0.0397491157,0.0147636747,0.039751038,-0.999209523,-0.000163441349,0.0147585021,0.000423577032,0.999890983],"scale":0.999999762,"type":"pole_barrierfence"}
{"pos":[-211.92572,388.562073,28.0593452],"rotationMatrix":[-0.998999,-0.0397262312,0.0205578655,0.0397261493,-0.999210477,-0.000412391528,0.0205580182,0.000404706137,0.999788582],"scale":0.999999821,"type":"pole_barrierfence"}
{"pos":[-215.915527,388.574524,28.1046467],"rotationMatrix":[-0.998879552,-0.0396618433,0.025818089,0.0396585949,-0.999213099,-0.000637958234,0.0258230735,0.000386665633,0.999666452],"scale":0.999999821,"type":"pole_barrierfence"}
{"pos":[-219.904968,388.587219,28.1657181],"rotationMatrix":[-0.998778343,-0.0397436805,0.0293665715,0.0397376232,-0.999209881,-0.000790100312,0.0293747671,0.000377822638,0.999568403],"scale":0.999999762,"type":"pole_barrierfence"}
{"pos":[-223.894287,388.599854,28.245306],"rotationMatrix":[-0.998643398,-0.0397638418,0.0336166508,0.0397536196,-0.999209046,-0.000972599955,0.0336287357,0.000365103042,0.999434352],"scale":0.999999762,"type":"pole_barrierfence"}
{"pos":[-227.883026,388.611969,28.3375797],"rotationMatrix":[-0.998600483,-0.0396672226,0.0349762514,0.0396554358,-0.999212861,-0.00103089586,0.0349896103,0.000357545156,0.999387622],"scale":0.999999702,"type":"pole_barrierfence"}
{"pos":[-231.871765,388.624268,28.4364128],"rotationMatrix":[-0.998450279,-0.039663624,0.0390408114,0.0396468081,-0.999213219,-0.00120523246,0.0390578881,0.000344478904,0.999236882],"scale":0.999999821,"type":"pole_barrierfence"}
{"pos":[-235.860107,388.637024,28.5515518],"rotationMatrix":[-0.998311758,-0.0396655239,0.0424286798,0.0396439247,-0.99921298,-0.00135061331,0.0424488559,0.000333706266,0.999098599],"scale":0.999999821,"type":"pole_barrierfence"}
{"pos":[-239.8479,388.649536,28.6814137],"rotationMatrix":[-0.998199224,-0.0396586731,0.0450023673,0.0396330878,-0.999213099,-0.00146101788,0.0450249054,0.000325195841,0.998985827],"scale":0.999999821,"type":"pole_barrierfence"}
{"pos":[-178.497223,216.446182,32.0735359],"rotationMatrix":[0.301635504,-0.953197479,0.0207494684,0.953402758,0.301700473,2.88709998e-08,-0.00626015197,0.0197825916,0.999784708],"scale":1.00000012,"type":"pole_barrierfence"}
{"pos":[-179.713852,220.290787,31.9841652],"rotationMatrix":[0.301459134,-0.952635288,0.0401031263,0.953402281,0.301701844,7.63684511e-08,-0.0120992595,0.0382343903,0.999195576],"scale":1.00000012,"type":"pole_barrierfence"}
{"pos":[-180.92955,224.132462,31.8174362],"rotationMatrix":[0.301367879,-0.952268958,0.0485927276,0.953395247,0.301724315,1.13621354e-07,-0.0146617182,0.046328038,0.998818696],"scale":1.00000012,"type":"pole_barrierfence"}
{"pos":[-182.144699,227.972168,31.6187553],"rotationMatrix":[0.301399648,-0.952413976,0.045451548,0.953399241,0.30171144,9.31322575e-08,-0.0137133412,0.0433334447,0.998966515],"scale":1,"type":"pole_barrierfence"}
{"pos":[-183.359985,231.812454,31.4363728],"rotationMatrix":[0.301473498,-0.952658951,0.0394279435,0.953400314,0.301708102,-4.84287739e-08,-0.0118956845,0.0375906304,0.999222398],"scale":1,"type":"pole_barrierfence"}
{"pos":[-184.575531,235.653503,31.2758961],"rotationMatrix":[0.301574826,-0.952964723,0.0301795788,0.953399003,0.301712275,7.72997737e-08,-0.00910562277,0.0287731588,0.999544501],"scale":1.00000012,"type":"pole_barrierfence"}
{"pos":[-185.791519,239.496048,31.1602325],"rotationMatrix":[0.301635563,-0.95315963,0.0224227384,0.95339936,0.30171138,-2.42143869e-08,-0.00676517282,0.0213778298,0.999748588],"scale":1.00000012,"type":"pole_barrierfence"}
{"pos":[-187.00798,243.340042,31.0736084],"rotationMatrix":[0.301582813,-0.953002095,0.0288950596,0.953400135,0.301708758,5.68106771e-08,-0.00871794857,0.0275485367,0.999582469],"scale":0.99999994,"type":"pole_barrierfence"}
{"pos":[-188.224258,247.183502,30.9522285],"rotationMatrix":[0.301435232,-0.952556312,0.0421103612,0.953401983,0.301702857,1.50874257e-07,-0.0127049591,0.040148057,0.999112964],"scale":0.999999881,"type":"pole_barrierfence"}
{"pos":[-189.439697,251.024368,30.7796955],"rotationMatrix":[0.301475048,-0.952645779,0.0397353508,0.953398705,0.301713347,1.02445483e-07,-0.0119887842,0.0378836021,0.999210238],"scale":1,"type":"pole_barrierfence"}
{"pos":[-190.655319,254.865509,30.6213818],"rotationMatrix":[0.301568508,-0.952950239,0.0306975655,0.953399539,0.301710665,1.03376806e-07,-0.00926188286,0.0292670131,0.999528706],"scale":1,"type":"pole_barrierfence"}
{"pos":[-191.871445,258.708466,30.5033779],"rotationMatrix":[0.301536202,-0.952901244,0.0324823633,0.953404307,0.301695406,9.03382897e-08,-0.00979986414,0.0309688002,0.99947232],"scale":1.00000012,"type":"pole_barrierfence"}
{"pos":[-196.915939,294.76651,29.6568737],"rotationMatrix":[-0.286090136,-0.958144903,-0.010514087,0.958197236,-0.286107898,0.000191953499,-0.00319208414,-0.0100196544,0.999944687],"scale":1,"type":"pole_barrierfence"}
{"pos":[-198.047211,290.977692,29.6314793],"rotationMatrix":[-0.286067009,-0.958115876,-0.0134042539,0.95820123,-0.286095142,0.000191857107,-0.00401871279,-0.0127890883,0.999910116],"scale":1,"type":"pole_barrierfence"}
{"pos":[-199.178513,287.188904,29.5969582],"rotationMatrix":[-0.286061645,-0.958072901,-0.0162781756,0.958198905,-0.286102533,0.000191922765,-0.00484110368,-0.0155428294,0.999867499],"scale":1,"type":"pole_barrierfence"}
{"pos":[-200.309753,283.400146,29.5511322],"rotationMatrix":[-0.286049962,-0.957986355,-0.0209206119,0.958194852,-0.286116481,0.000191872939,-0.00616954174,-0.0199911389,0.999781132],"scale":1,"type":"pole_barrierfence"}
{"pos":[-201.440948,279.611694,29.4818802],"rotationMatrix":[-0.286009192,-0.957833827,-0.0274455585,0.958193243,-0.286121964,0.000192001462,-0.00803668145,-0.0262432322,0.999623299],"scale":1,"type":"pole_barrierfence"}
{"pos":[-202.57196,275.823792,29.3863811],"rotationMatrix":[-0.285949707,-0.957721353,-0.0316655338,0.958200097,-0.286099076,0.000191854313,-0.00924321916,-0.0302870553,0.999498487],"scale":1,"type":"pole_barrierfence"}
{"pos":[-203.702866,272.036163,29.2826424],"rotationMatrix":[-0.285950899,-0.957597196,-0.0352094956,0.958189309,-0.286134839,0.000191966072,-0.0102584884,-0.033682473,0.999379933],"scale":0.99999994,"type":"pole_barrierfence"}
{"pos":[-204.833572,268.249695,29.1535397],"rotationMatrix":[-0.285935998,-0.95779711,-0.0294138789,0.958210051,-0.286065221,0.000191896223,-0.00859808642,-0.0281298049,0.99956727],"scale":1,"type":"pole_barrierfence"}
{"pos":[-205.964355,264.461884,29.0628128],"rotationMatrix":[-0.286023974,-0.95778054,-0.0290985052,0.958184659,-0.286150455,0.000191950239,-0.00851039775,-0.0278268382,0.999576509],"scale":1,"type":"pole_barrierfence"}
{"pos":[-207.095322,260.674133,28.96315],"rotationMatrix":[-0.286019087,-0.957656622,-0.0329659805,0.95817554,-0.286180735,0.000191992149,-0.0096180914,-0.0315322876,0.999456465],"scale":1,"type":"pole_barrierfence"}
{"pos":[-217.475052,355.972504,27.6601582],"rotationMatrix":[0.316697061,-0.948520899,0.00333398301,0.948524833,0.316701591,0.000924824271,-0.00193309283,0.00286947633,0.99999404],"scale":0.99999994,"type":"pole_barrierfence"}
{"pos":[-216.200302,352.154419,27.7568321],"rotationMatrix":[0.31672138,-0.94851625,0.00211957702,0.948517323,0.316723824,0.000924748892,-0.00154845975,0.00171756791,0.999997318],"scale":0.99999994,"type":"pole_barrierfence"}
{"pos":[-214.925507,348.336548,27.8444977],"rotationMatrix":[0.31665796,-0.948502302,0.00843111984,0.948533177,0.316676497,0.000924914842,-0.00354722072,0.00770431478,0.999964058],"scale":0.99999994,"type":"pole_barrierfence"}
{"pos":[-213.65097,344.519409,27.963129],"rotationMatrix":[0.316642642,-0.948444128,0.0138247069,0.948530316,0.316684902,0.00092503475,-0.00525541976,0.0128202494,0.999903977],"scale":0.99999994,"type":"pole_barrierfence"}
{"pos":[-212.376648,340.702576,28.0992832],"rotationMatrix":[0.316644311,-0.948430061,0.0147259422,0.948528171,0.316691399,0.000924905762,-0.00554078678,0.0136751048,0.999891162],"scale":0.99999994,"type":"pole_barrierfence"}
{"pos":[-211.102158,336.885864,28.2423878],"rotationMatrix":[0.316631496,-0.948444664,0.0140447589,0.948533714,0.316674888,0.000924967229,-0.00532490294,0.0130290529,0.999900937],"scale":0.99999994,"type":"pole_barrierfence"}
{"pos":[-209.827774,333.068909,28.3788509],"rotationMatrix":[0.316645503,-0.948456049,0.0129160695,0.948531032,0.316683114,0.000925070141,-0.00496768951,0.0119583718,0.999916136],"scale":1,"type":"pole_barrierfence"}
{"pos":[-208.553406,329.251892,28.5118427],"rotationMatrix":[0.316667259,-0.948429406,0.0142661333,0.948521316,0.316711843,0.000924860593,-0.00539541803,0.0132388584,0.999897778],"scale":1,"type":"pole_barrierfence"}
{"pos":[-207.278946,325.435181,28.6508827],"rotationMatrix":[0.316626191,-0.948439956,0.0144721568,0.948534608,0.316671908,0.000924955122,-0.00546018966,0.0134344781,0.999894857],"scale":0.99999994,"type":"pole_barrierfence"}
{"pos":[-206.004532,321.618317,28.790205],"rotationMatrix":[0.316628397,-0.948452294,0.0135911237,0.948535502,0.316669464,0.000924861059,-0.00518108113,0.0125988265,0.999907196],"scale":0.99999994,"type":"pole_barrierfence"}
{"pos":[-204.730209,317.80127,28.9265614],"rotationMatrix":[0.316680074,-0.948460758,0.0116618453,0.948521435,0.316711664,0.000925022177,-0.00457079057,0.0107685737,0.999931574],"scale":1,"type":"pole_barrierfence"}
{"pos":[-203.455612,313.984039,29.0526409],"rotationMatrix":[0.316659451,-0.94848454,0.0101980623,0.948530436,0.316684723,0.000924863853,-0.00410678983,0.00938030519,0.999947548],"scale":1,"type":"pole_barrierfence"}
{"pos":[-202.181061,310.166748,29.1744385],"rotationMatrix":[0.316658795,-0.94846946,0.0115272338,0.948528707,0.316689789,0.000924916007,-0.00452781189,0.0106410291,0.999933124],"scale":0.99999994,"type":"pole_barrierfence"}
{"pos":[-200.906631,306.349731,29.3024483],"rotationMatrix":[0.316662788,-0.948423803,0.0147297997,0.948522031,0.316709936,0.000924962573,-0.00554233044,0.0136786373,0.999891102],"scale":0.99999994,"type":"pole_barrierfence"}
{"pos":[-199.63208,302.532593,29.4486847],"rotationMatrix":[0.316658258,-0.948530674,0.00413657399,0.94853723,0.316664457,0.000924827415,-0.00218713307,0.00363083975,0.999991],"scale":0.99999994,"type":"pole_barrierfence"}
{"pos":[-198.357422,298.714478,29.5435562],"rotationMatrix":[0.316682518,-0.948520839,0.00451352308,0.948528826,0.316689551,0.000924907275,-0.00230667926,0.00398830464,0.99998939],"scale":1,"type":"pole_barrierfence"}
{"pos":[-197.082642,294.896759,29.633709],"rotationMatrix":[0.31663698,-0.948465824,0.0123929754,0.948534608,0.316672027,0.000925061293,-0.0048018978,0.0114622572,0.999922752],"scale":1,"type":"pole_barrierfence"}
{"pos":[-110.426712,205.664154,25.1579113],"rotationMatrix":[-0.949839115,-0.312738359,-0.000742903911,0.312737465,-0.949838996,0.00108700269,-0.00104558654,0.000800143695,0.999999106],"scale":1,"type":"pole_barrierfence"}
{"pos":[-106.588882,206.915436,25.205574],"rotationMatrix":[-0.836789966,-0.547523975,0.000474026136,0.547524095,-0.83678925,0.00108719384,-0.000198604699,0.00116929365,0.999999285],"scale":1.00000012,"type":"pole_barrierfence"}
{"pos":[-103.228699,209.143417,25.2378445],"rotationMatrix":[-0.66853261,-0.743675172,0.00335973874,0.743681371,-0.668533325,0.00108656252,0.00143804774,0.00322497776,0.999993742],"scale":1.00000012,"type":"pole_barrierfence"}
{"pos":[-100.573517,212.158539,25.2632523],"rotationMatrix":[-0.539286613,-0.842119038,0.00231839623,0.842122138,-0.53928566,0.00108659291,0.000335237244,0.00253835809,0.999996722],"scale":1.00000024,"type":"pole_barrierfence"}
{"pos":[-98.4389343,215.554947,25.2965546],"rotationMatrix":[-0.495981097,-0.86833328,-0.000432114583,0.868332565,-0.495981336,0.00108684739,-0.00115806644,0.000163836696,0.999999344],"scale":0.99999994,"type":"pole_barrierfence"}
{"pos":[-96.4704895,219.051086,25.340889],"rotationMatrix":[-0.528327227,-0.849036694,-0.00263561727,0.849037647,-0.52833128,0.00108700711,-0.00231538806,-0.0016634427,0.999995947],"scale":1.00000012,"type":"pole_barrierfence"}
{"pos":[-94.32724,222.442505,25.3912354],"rotationMatrix":[-0.581983566,-0.813200295,0.000761793461,0.813200533,-0.581982732,0.00108675507,-0.00044039893,0.00125196425,0.999999106],"scale":1,"type":"pole_barrierfence"}
{"pos":[-91.9993286,225.710724,25.4307003],"rotationMatrix":[-0.618153453,-0.786035419,0.00587974768,0.786052465,-0.618158698,0.00108618895,0.00278083445,0.00529322168,0.999982119],"scale":1.00000012,"type":"pole_barrierfence"}
{"pos":[-89.5220795,228.868195,25.4450912],"rotationMatrix":[-0.670671344,-0.741726935,0.00641022297,0.741746366,-0.670679569,0.00108639547,0.00349339703,0.005483374,0.99997884],"scale":1,"type":"pole_barrierfence"}
{"pos":[306.81546,90.4633179,25.0561466],"rotationMatrix":[-0.789143562,0.614128411,0.0099422764,-0.614149868,-0.789188743,0.00108614354,0.00851336308,-0.00524892472,0.999949992],"scale":1,"type":"pole_barrierfence"}
{"pos":[309.981384,87.9993591,25.0569458],"rotationMatrix":[-0.78636992,0.61766398,0.0106530068,-0.61768961,-0.786421299,0.00108608673,0.00904858764,-0.00572618563,0.99994266],"scale":1.00000012,"type":"pole_barrierfence"}
{"pos":[313.134674,85.5192108,25.0548592],"rotationMatrix":[-0.784983277,0.619413912,0.0113030104,-0.619443476,-0.785040617,0.00108587835,0.0095459288,-0.00614917977,0.999935508],"scale":0.99999994,"type":"pole_barrierfence"}
{"pos":[-434.370117,269.969727,25.0345249],"rotationMatrix":[0.554826975,-0.831964076,-0.00166953146,0.831965268,0.554827809,-1.3737008e-08,0.000926313922,-0.0013889845,0.999998629],"scale":0.99999994,"type":"pole_barrierfence"}
{"pos":[-436.585663,273.291443,25.0414314],"rotationMatrix":[0.540600002,-0.841279626,-0.000524069299,0.841279745,0.540600061,4.63187462e-08,0.000283272937,-0.000440913893,0.999999881],"scale":1.00000012,"type":"pole_barrierfence"}
{"pos":[-438.739563,276.653076,25.0430546],"rotationMatrix":[0.537889063,-0.843015611,-0.000232184437,0.843015611,0.537889123,1.36074959e-07,0.000124774771,-0.000195808301,1],"scale":1,"type":"pole_barrierfence"}
{"pos":[-440.887024,280.01886,25.0439911],"rotationMatrix":[0.537902117,-0.843007267,-0.000208273472,0.843007267,0.537902117,5.13755367e-08,0.000111987436,-0.000175603695,1],"scale":1.00000024,"type":"pole_barrierfence"}
{"pos":[-443.034607,283.384583,25.0448303],"rotationMatrix":[0.53789413,-0.843012393,-0.000156810798,0.843012393,0.53789413,1.18874596e-07,8.42473964e-05,-0.000132257395,1],"scale":1.00000024,"type":"pole_barrierfence"}
{"pos":[-445.18222,286.750397,25.0454636],"rotationMatrix":[0.53791362,-0.842999935,-7.63635326e-05,0.842999935,0.53791362,3.59603291e-07,4.07738371e-05,-6.45678956e-05,1],"scale":1,"type":"pole_barrierfence"}
{"pos":[-447.329895,290.116028,25.0452957],"rotationMatrix":[0.537922561,-0.842993557,-0.00108472863,0.842994034,0.537922859,5.13100531e-08,0.000583457062,-0.000914447359,0.999999404],"scale":1.00000012,"type":"pole_barrierfence"}
{"pos":[-449.477539,293.48175,25.0500259],"rotationMatrix":[0.537914038,-0.842998385,-0.00149448169,0.842999339,0.537914634,1.14436261e-07,0.000803807052,-0.00125990855,0.999998868],"scale":1.00000024,"type":"pole_barrierfence"}
{"pos":[-451.625183,296.847473,25.056385],"rotationMatrix":[0.537902594,-0.843006611,-0.000733535795,0.843006849,0.537902772,5.15428837e-08,0.000394527509,-0.000618403428,0.999999702],"scale":1,"type":"pole_barrierfence"}
{"pos":[-453.772827,300.213318,25.0597019],"rotationMatrix":[0.537895143,-0.843010902,0.00117661897,0.843011498,0.53789556,7.4680429e-08,-0.00063296099,0.000991863199,0.999999285],"scale":1.00000012,"type":"pole_barrierfence"}
{"pos":[-409.325592,276.580322,24.9786301],"rotationMatrix":[-0.537427068,0.843310118,0.000160940719,-0.843310118,-0.537427068,-1.09372195e-07,8.64016765e-05,-0.000135781724,1],"scale":1.00000012,"type":"pole_barrierfence"}
{"pos":[-411.47821,279.95816,24.9789753],"rotationMatrix":[-0.537428975,0.843309045,-0.00016730206,-0.843309045,-0.537428975,-8.31932994e-08,-8.99831284e-05,0.000141042634,1],"scale":1.00000012,"type":"pole_barrierfence"}
{"pos":[-413.630676,283.335968,24.9780655],"rotationMatrix":[-0.537435651,0.843304813,0.000305908732,-0.843304813,-0.537435651,8.98289727e-08,0.000164482015,-0.000257926004,0.99999994],"scale":0.99999994,"type":"pole_barrierfence"}
{"pos":[-415.783173,286.713745,24.9794788],"rotationMatrix":[-0.537465096,0.843285918,0.000281783199,-0.843285918,-0.537465096,-1.45060767e-07,0.000151326327,-0.000237701781,0.99999994],"scale":1,"type":"pole_barrierfence"}
{"pos":[-417.93573,290.091553,24.9806919],"rotationMatrix":[-0.537430882,0.843307853,-5.4687458e-05,-0.843307853,-0.537430882,-1.09321263e-08,-2.93999456e-05,4.61124873e-05,1],"scale":1,"type":"pole_barrierfence"}
{"pos":[-420.088379,293.469391,24.980545],"rotationMatrix":[-0.537413478,0.843318641,-0.000621119805,-0.84331876,-0.537413597,-8.12578946e-08,-0.000333866803,0.000523758354,0.999999821],"scale":1.00000012,"type":"pole_barrierfence"}
{"pos":[-422.240936,296.847107,24.9779167],"rotationMatrix":[-0.537394047,0.843331158,0.000332234951,-0.843331158,-0.537394047,-3.0559022e-09,0.000178538554,-0.000280185748,0.99999994],"scale":1.00000012,"type":"pole_barrierfence"}
{"pos":[-424.393433,300.224915,24.979517],"rotationMatrix":[-0.537412047,0.843319416,0.000687802793,-0.843319654,-0.537412286,-1.11525878e-07,0.000369539601,-0.000580097607,0.999999762],"scale":0.99999994,"type":"pole_barrierfence"}
{"pos":[293.54718,70.5309601,25.1317806],"rotationMatrix":[0.731373668,-0.681960225,0.00478396285,0.681967974,0.731382012,1.32364221e-07,-0.00349899475,0.00326241273,0.999988556],"scale":1.00000012,"type":"pole_barrierfence"}
{"pos":[290.649445,73.2329559,25.1124268],"rotationMatrix":[0.731359124,-0.681972086,0.00528381346,0.681981623,0.731369317,4.21423465e-08,-0.00386444805,0.00360343256,0.999986053],"scale":1.00000024,"type":"pole_barrierfence"}
{"pos":[287.751709,75.9349213,25.0910797],"rotationMatrix":[0.731359184,-0.681977034,0.00459282193,0.681984186,0.731366873,-9.0803951e-08,-0.00335897598,0.00313229836,0.99998945],"scale":1.00000012,"type":"pole_barrierfence"}
{"pos":[284.854156,78.6368713,25.072403],"rotationMatrix":[0.731364846,-0.681981266,0.00263109244,0.68198365,0.731367409,1.12049747e-07,-0.00192437181,0.00179428002,0.999996543],"scale":1.00000024,"type":"pole_barrierfence"}
{"pos":[281.95639,81.3389282,25.0638714],"rotationMatrix":[0.73136127,-0.681984425,0.0028206713,0.681987166,0.731364131,1.64203811e-07,-0.0020630497,0.00192354154,0.999996006],"scale":1,"type":"pole_barrierfence"}
{"pos":[157.327621,-419.182861,31.2760239],"rotationMatrix":[0.648241639,-0.75978142,0.0501502864,0.760738671,0.649058342,4.65661287e-08,-0.0325504951,0.0381512344,0.998741686],"scale":1.00000012,"type":"pole_barrierfence"}
{"pos":[154.77063,-416.137024,31.074419],"rotationMatrix":[0.690162301,-0.72183907,0.0512289628,0.722788095,0.691069722,7.63684511e-08,-0.0354028419,0.0370276347,0.99868691],"scale":1,"type":"pole_barrierfence"}
{"pos":[152.015228,-413.271515,30.8700848],"rotationMatrix":[0.725405812,-0.686509788,0.0499065556,0.687366307,0.726310849,1.09896064e-07,-0.0362477489,0.0343040079,0.998753905],"scale":1.00000024,"type":"pole_barrierfence"}
{"pos":[149.120056,-410.547943,30.6710167],"rotationMatrix":[0.735706866,-0.675645649,0.0473108813,0.676403105,0.736531615,-5.77419996e-08,-0.0348459184,0.0320012718,0.998880208],"scale":1.00000024,"type":"pole_barrierfence"}
{"pos":[146.194183,-407.856689,30.4825706],"rotationMatrix":[0.726402342,-0.685890257,0.0435213596,0.686540782,0.727091312,-6.98491931e-08,-0.0316439494,0.0298792385,0.999052525],"scale":1.00000024,"type":"pole_barrierfence"}
{"pos":[143.299408,-405.12915,30.3091145],"rotationMatrix":[0.766594529,-0.640814602,0.0411032923,0.641356647,0.767242908,9.31322575e-10,-0.0315362103,0.0263618678,0.999154925],"scale":1,"type":"pole_barrierfence"}
{"pos":[140.244858,-402.582001,30.1452293],"rotationMatrix":[0.795485377,-0.604784191,0.0379355252,0.605219781,0.796058416,1.35973096e-07,-0.0301989764,0.022959223,0.999280214],"scale":1.00000012,"type":"pole_barrierfence"}
{"pos":[137.075073,-400.179871,29.9938278],"rotationMatrix":[0.812969208,-0.581326187,0.0337786153,0.581658065,0.813433409,2.42143869e-08,-0.0274766665,0.0196475852,0.999429345],"scale":1.00000012,"type":"pole_barrierfence"}
{"pos":[133.844177,-397.858063,29.859972],"rotationMatrix":[0.838488102,-0.543964446,0.032254748,0.544247687,0.838924587,-1.11758709e-07,-0.0270592421,0.017554665,0.999479651],"scale":1.00000012,"type":"pole_barrierfence"}
{"pos":[130.503418,-395.698853,29.7311058],"rotationMatrix":[0.850329995,-0.52561301,0.025882205,0.525789201,0.850614905,-1.42492354e-07,-0.022015715,0.0136087053,0.999665022],"scale":1,"type":"pole_barrierfence"}
{"pos":[127.116531,-393.610718,29.628418],"rotationMatrix":[0.86191988,-0.506381869,0.0259125102,0.506551981,0.862209439,5.49480319e-08,-0.0223420393,0.0131259849,0.999664187],"scale":1.00000012,"type":"pole_barrierfence"}
