{"pos":[101.008484,-398.96344,36.12883],"rotationMatrix":[-0.867251635,0.496724963,-0.0337461717,-0.495909214,-0.867859125,-0.0299060363,-0.0441420041,-0.00920102187,0.998982906],"scale":0.99999994,"type":"step_concrete"}
{"pos":[102.63678,-399.908051,36.196209],"rotationMatrix":[-0.867530107,0.496252,-0.0335450619,-0.495438635,-0.868128538,-0.0298877507,-0.0439532846,-0.00930900779,0.998990238],"scale":0.99999994,"type":"step_concrete"}
{"pos":[104.265259,-400.852081,36.2751846],"rotationMatrix":[-0.867762685,0.495643109,-0.0364136957,-0.49521628,-0.86852634,-0.0205655731,-0.0418194346,0.000186616555,0.999125183],"scale":1,"type":"step_concrete"}
{"pos":[105.893494,-401.796722,36.3485718],"rotationMatrix":[-0.867573738,0.495963246,-0.0365538821,-0.495536178,-0.868343353,-0.0205790773,-0.0419477895,0.000259905122,0.999119759],"scale":1,"type":"step_concrete"}
{"pos":[107.521179,-402.742188,36.4331665],"rotationMatrix":[-0.866730213,0.497950196,-0.0287127979,-0.497554183,-0.867200017,-0.02010208,-0.0349095725,-0.00313690584,0.999385536],"scale":0.99999994,"type":"step_concrete"}
{"pos":[109.148132,-403.688812,36.5282249],"rotationMatrix":[-0.866805434,0.497040093,-0.0399950333,-0.496139884,-0.86770165,-0.0306468308,-0.0499364547,-0.00672170892,0.998729765],"scale":0.99999994,"type":"step_concrete"}
{"pos":[110.773804,-404.637756,36.5753746],"rotationMatrix":[-0.864943624,0.501415968,-0.0213197302,-0.50056231,-0.864976287,-0.0354017131,-0.0361920483,-0.0199486315,0.999145746],"scale":0.99999994,"type":"step_concrete"}
{"pos":[112.397766,-405.5896,36.6163216],"rotationMatrix":[-0.863582015,0.503775358,-0.0208944362,-0.502886415,-0.86357677,-0.0366147496,-0.0364895537,-0.0211123116,0.999110997],"scale":0.99999994,"type":"step_concrete"}
{"pos":[114.019562,-406.544861,36.6569252],"rotationMatrix":[-0.860618472,0.508947074,-0.0175770894,-0.50774473,-0.86021471,-0.0471803658,-0.039132379,-0.0316796117,0.998731732],"scale":1,"type":"step_concrete"}
{"pos":[115.636383,-407.508392,36.6952133],"rotationMatrix":[-0.85641849,0.515767515,-0.0230544843,-0.514415324,-0.856264353,-0.0467819422,-0.0438693352,-0.0282053351,0.998639047],"scale":1,"type":"step_concrete"}
{"pos":[117.240601,-408.492462,36.7439613],"rotationMatrix":[-0.848469257,0.528489113,-0.0282651372,-0.526979685,-0.84856832,-0.0471601263,-0.048908513,-0.0251187701,0.998487353],"scale":0.99999994,"type":"step_concrete"}
{"pos":[118.818939,-409.517212,36.8101425],"rotationMatrix":[-0.83877337,0.543380678,-0.0345896333,-0.541787088,-0.839249372,-0.0461193249,-0.0540896803,-0.0199434478,0.998336911],"scale":0.99999994,"type":"step_concrete"}
{"pos":[120.379974,-410.568054,36.886837],"rotationMatrix":[-0.828817487,0.558033228,-0.0407505445,-0.556302428,-0.829662561,-0.0467751957,-0.0599113069,-0.0160984732,0.998073876],"scale":0.99999994,"type":"step_concrete"}
{"pos":[121.92395,-411.643738,36.9749985],"rotationMatrix":[-0.819180131,0.57120645,-0.0516446941,-0.569152355,-0.820728302,-0.0497053638,-0.0707782879,-0.0113239456,0.997427821],"scale":0.99999994,"type":"step_concrete"}
{"pos":[123.447998,-412.747681,37.0776176],"rotationMatrix":[-0.809421182,0.584881544,-0.0524468869,-0.583526254,-0.811116934,-0.0398269184,-0.0658345968,-0.00163261592,0.997829199],"scale":0.99999994,"type":"step_concrete"}
{"pos":[101.242096,-398.558014,35.9571762],"rotationMatrix":[-0.867251635,0.496724963,-0.0337461717,-0.495909214,-0.867859125,-0.0299060363,-0.0441420041,-0.00920102187,0.998982906],"scale":0.99999994,"type":"step_concrete"}
{"pos":[102.870056,-399.502441,36.0245438],"rotationMatrix":[-0.867530107,0.496252,-0.0335450619,-0.495438635,-0.868128538,-0.0298877507,-0.0439532846,-0.00930900779,0.998990238],"scale":0.99999994,"type":"step_concrete"}
{"pos":[104.498596,-400.446503,36.0985451],"rotationMatrix":[-0.867762685,0.495643109,-0.0364136957,-0.49521628,-0.86852634,-0.0205655731,-0.0418194346,0.000186616555,0.999125183],"scale":1,"type":"step_concrete"}
{"pos":[106.126953,-401.391266,36.1719551],"rotationMatrix":[-0.867573738,0.495963246,-0.0365538821,-0.495536178,-0.868343353,-0.0205790773,-0.0419477895,0.000259905122,0.999119759],"scale":1,"type":"step_concrete"}
{"pos":[107.754944,-402.336792,36.2588463],"rotationMatrix":[-0.868026972,0.493331164,-0.0561565123,-0.492259592,-0.869841456,-0.03250283,-0.0648819208,-0.000569749624,0.997892797],"scale":0.99999994,"type":"step_concrete"}
{"pos":[109.382324,-403.283691,36.3569412],"rotationMatrix":[-0.866805434,0.497040093,-0.0399950333,-0.496139884,-0.86770165,-0.0306468308,-0.0499364547,-0.00672170892,0.998729765],"scale":0.99999994,"type":"step_concrete"}
{"pos":[111.008484,-404.233002,36.406662],"rotationMatrix":[-0.864943624,0.501415968,-0.0213197302,-0.50056231,-0.864976287,-0.0354017131,-0.0361920483,-0.0199486315,0.999145746],"scale":0.99999994,"type":"step_concrete"}
{"pos":[112.633575,-405.185425,36.4482307],"rotationMatrix":[-0.863582015,0.503775358,-0.0208944362,-0.502886415,-0.86357677,-0.0366147496,-0.0364895537,-0.0211123116,0.999110997],"scale":0.99999994,"type":"step_concrete"}
{"pos":[114.257538,-406.141998,36.4904785],"rotationMatrix":[-0.861029744,0.508048356,-0.0226810984,-0.507118642,-0.861093521,-0.0367216393,-0.0381869189,-0.0201164186,0.999068081],"scale":1,"type":"step_concrete"}
{"pos":[115.87793,-407.107666,36.5324936],"rotationMatrix":[-0.85641849,0.515767515,-0.0230544843,-0.514415324,-0.856264353,-0.0467819422,-0.0438693352,-0.0282053351,0.998639047],"scale":1,"type":"step_concrete"}
{"pos":[117.488434,-408.095673,36.5801811],"rotationMatrix":[-0.848508716,0.5284639,-0.0275491141,-0.527492821,-0.848809838,-0.0356835425,-0.0422414206,-0.0157458335,0.998983324],"scale":0.99999994,"type":"step_concrete"}
{"pos":[119.07428,-409.125122,36.6455193],"rotationMatrix":[-0.838865876,0.543241143,-0.0345450938,-0.542154074,-0.839495182,-0.0362927057,-0.0487161204,-0.0117159477,0.998743951],"scale":0.99999994,"type":"step_concrete"}
{"pos":[120.642578,-410.180725,36.7229271],"rotationMatrix":[-0.828940988,0.557840407,-0.0408799686,-0.556671083,-0.829910994,-0.0369491577,-0.0545384623,-0.00787196867,0.998480618],"scale":0.99999994,"type":"step_concrete"}
{"pos":[122.193573,-411.261322,36.8111839],"rotationMatrix":[-0.819051623,0.571817756,-0.0466781072,-0.570508838,-0.820363164,-0.0390345156,-0.0606136359,-0.00534100831,0.998147011],"scale":0.99999994,"type":"step_concrete"}
{"pos":[123.724182,-412.369995,36.9112091],"rotationMatrix":[-0.809421182,0.584881544,-0.0524468869,-0.583526254,-0.811116934,-0.0398269184,-0.0658345968,-0.00163261592,0.997829199],"scale":0.99999994,"type":"step_concrete"}
{"pos":[125.233948,-413.506134,37.0234146],"rotationMatrix":[-0.800035357,0.597222447,-0.0571744964,-0.59589994,-0.802072525,-0.0397867337,-0.0696196184,0.0022394862,0.997571111],"scale":0.99999994,"type":"step_concrete"}
{"pos":[126.725433,-414.665649,37.144455],"rotationMatrix":[-0.790874124,0.608897209,-0.0613370314,-0.607619047,-0.793228269,-0.0398490727,-0.0729182586,0.00575395115,0.997321308],"scale":0.99999994,"type":"step_concrete"}
{"pos":[99.8588257,-397.199615,35.7123146],"rotationMatrix":[-0.866467476,0.498371482,-0.0293251853,-0.497701645,-0.866915345,-0.0274031051,-0.0390793793,-0.00914870668,0.999194205],"scale":1,"type":"step_concrete"}
{"pos":[101.485352,-398.145081,35.7802391],"rotationMatrix":[-0.867278457,0.496675193,-0.0337932557,-0.495978892,-0.867910028,-0.0271524172,-0.042815432,-0.00678796507,0.999059916],"scale":0.99999994,"type":"step_concrete"}
{"pos":[103.113098,-399.089478,35.8472862],"rotationMatrix":[-0.867418408,0.49661085,-0.0310356971,-0.496021897,-0.867950797,-0.0249793567,-0.0393424705,-0.00627316535,0.999206066],"scale":0.99999994,"type":"step_concrete"}
{"pos":[104.741638,-400.033508,35.9178276],"rotationMatrix":[-0.867762685,0.495643109,-0.0364136957,-0.49521628,-0.86852634,-0.0205655731,-0.0418194346,0.000186616555,0.999125183],"scale":1,"type":"step_concrete"}
{"pos":[106.370178,-400.978394,35.9944],"rotationMatrix":[-0.867999673,0.494395018,-0.0463686176,-0.49351275,-0.869232535,-0.029661119,-0.0549694262,-0.00286233705,0.998483956],"scale":1,"type":"step_concrete"}
{"pos":[107.998413,-401.924133,36.0847473],"rotationMatrix":[-0.868026972,0.493331164,-0.0561565123,-0.492259592,-0.869841456,-0.03250283,-0.0648819208,-0.000569749624,0.997892797],"scale":0.99999994,"type":"step_concrete"}
{"pos":[109.626312,-402.871216,36.1817322],"rotationMatrix":[-0.866805434,0.497040093,-0.0399950333,-0.496139884,-0.86770165,-0.0306468308,-0.0499364547,-0.00672170892,0.998729765],"scale":0.99999994,"type":"step_concrete"}
{"pos":[111.253021,-403.820801,36.2339478],"rotationMatrix":[-0.864943624,0.501415968,-0.0213197302,-0.50056231,-0.864976287,-0.0354017131,-0.0361920483,-0.0199486315,0.999145746],"scale":0.99999994,"type":"step_concrete"}
{"pos":[112.879181,-404.773926,36.2761917],"rotationMatrix":[-0.863582015,0.503775358,-0.0208944362,-0.502886415,-0.86357677,-0.0366147496,-0.0364895537,-0.0211123116,0.999110997],"scale":0.99999994,"type":"step_concrete"}
{"pos":[114.505188,-405.731812,36.3184052],"rotationMatrix":[-0.860978603,0.508176088,-0.0217523482,-0.507348776,-0.861051798,-0.0344566256,-0.0362399258,-0.0186303854,0.999169469],"scale":1,"type":"step_concrete"}
{"pos":[116.129272,-406.699646,36.3599701],"rotationMatrix":[-0.856425762,0.515794218,-0.0221664906,-0.514928162,-0.856505632,-0.0353171788,-0.0372021161,-0.018832393,0.999130309],"scale":1,"type":"step_concrete"}
{"pos":[117.746277,-407.691772,36.4076729],"rotationMatrix":[-0.848508716,0.5284639,-0.0275491141,-0.527492821,-0.848809838,-0.0356835425,-0.0422414206,-0.0157458335,0.998983324],"scale":0.99999994,"type":"step_concrete"}
{"pos":[119.339661,-408.726135,36.4733658],"rotationMatrix":[-0.838865876,0.543241143,-0.0345450938,-0.542154074,-0.839495182,-0.0362927057,-0.0487161204,-0.0117159477,0.998743951],"scale":0.99999994,"type":"step_concrete"}
{"pos":[120.915466,-409.786804,36.5511513],"rotationMatrix":[-0.828940988,0.557840407,-0.0408799686,-0.556671083,-0.829910994,-0.0369491577,-0.0545384623,-0.00787196867,0.998480618],"scale":0.99999994,"type":"step_concrete"}
{"pos":[122.47348,-410.872406,36.6398315],"rotationMatrix":[-0.819114804,0.571673334,-0.047332868,-0.570463955,-0.820473433,-0.0373386629,-0.0601808801,-0.00358295813,0.998181045],"scale":0.99999994,"type":"step_concrete"}
{"pos":[124.010742,-411.985901,36.7410355],"rotationMatrix":[-0.809421182,0.584881544,-0.0524468869,-0.583526254,-0.811116934,-0.0398269184,-0.0658345968,-0.00163261592,0.997829199],"scale":0.99999994,"type":"step_concrete"}
{"pos":[125.526825,-413.126862,36.8532486],"rotationMatrix":[-0.800035357,0.597222447,-0.0571744964,-0.59589994,-0.802072525,-0.0397867337,-0.0696196184,0.0022394862,0.997571111],"scale":0.99999994,"type":"step_concrete"}
{"pos":[127.024139,-414.290894,36.9735184],"rotationMatrix":[-0.790648222,0.609655976,-0.0565255135,-0.608572483,-0.792648077,-0.0367244184,-0.0671940967,0.00536377728,0.997725487],"scale":0.99999994,"type":"step_concrete"}
{"pos":[128.505676,-415.474152,37.0774078],"rotationMatrix":[-0.780638814,0.623454869,-0.0436703116,-0.622685254,-0.781853914,-0.0311048888,-0.0535362959,0.00291117188,0.99856168],"scale":0.99999994,"type":"step_concrete"}
{"pos":[129.970886,-416.676666,37.160408],"rotationMatrix":[-0.771334887,0.635178387,-0.0398844406,-0.634365022,-0.772365212,-0.0321389213,-0.0512193069,0.000511419028,0.998687327],"scale":0.99999994,"type":"step_concrete"}
{"pos":[131.415039,-417.90329,37.2237358],"rotationMatrix":[-0.761804104,0.647111177,-0.0300295167,-0.646056056,-0.762334228,-0.0381882153,-0.0476045422,-0.00969118625,0.998819232],"scale":0.99999994,"type":"step_concrete"}
{"pos":[100.096497,-396.791504,35.5377731],"rotationMatrix":[-0.866467476,0.498371482,-0.0293251853,-0.497701645,-0.866915345,-0.0274031051,-0.0390793793,-0.00914870668,0.999194205],"scale":1,"type":"step_concrete"}
{"pos":[101.722595,-397.736725,35.6055679],"rotationMatrix":[-0.867278457,0.496675193,-0.0337932557,-0.495978892,-0.867910028,-0.0271524172,-0.042815432,-0.00678796507,0.999059916],"scale":0.99999994,"type":"step_concrete"}
{"pos":[103.350159,-398.681,35.6718063],"rotationMatrix":[-0.867619753,0.496031851,-0.0344720595,-0.495384842,-0.868287563,-0.0258941054,-0.0427759625,-0.00538930297,0.999070168],"scale":0.99999994,"type":"step_concrete"}
{"pos":[104.978638,-399.625061,35.7409363],"rotationMatrix":[-0.86760056,0.496064663,-0.034486223,-0.495417535,-0.868268967,-0.0258953813,-0.0427890979,-0.00538176484,0.999069631],"scale":1,"type":"step_concrete"}
{"pos":[106.607361,-400.570007,35.8210907],"rotationMatrix":[-0.867999673,0.494395018,-0.0463686176,-0.49351275,-0.869232535,-0.029661119,-0.0549694262,-0.00286233705,0.998483956],"scale":1,"type":"step_concrete"}
{"pos":[108.235962,-401.51593,35.9096527],"rotationMatrix":[-0.867072344,0.496966809,-0.0347780623,-0.496364683,-0.867759109,-0.0248252265,-0.0425162949,-0.00426266622,0.999086678],"scale":0.99999994,"type":"step_concrete"}
{"pos":[109.864197,-402.463226,36.0089378],"rotationMatrix":[-0.866805434,0.497040093,-0.0399950333,-0.496139884,-0.86770165,-0.0306468308,-0.0499364547,-0.00672170892,0.998729765],"scale":0.99999994,"type":"step_concrete"}
{"pos":[111.491455,-403.413208,36.0637093],"rotationMatrix":[-0.864943624,0.501415968,-0.0213197302,-0.50056231,-0.864976287,-0.0354017131,-0.0361920483,-0.0199486315,0.999145746],"scale":0.99999994,"type":"step_concrete"}
{"pos":[113.118683,-404.366913,36.1065826],"rotationMatrix":[-0.863582015,0.503775358,-0.0208944362,-0.502886415,-0.86357677,-0.0366147496,-0.0364895537,-0.0211123116,0.999110997],"scale":0.99999994,"type":"step_concrete"}
{"pos":[114.746887,-405.326111,36.1476517],"rotationMatrix":[-0.860978603,0.508176088,-0.0217523482,-0.507348776,-0.861051798,-0.0344566256,-0.0362399258,-0.0186303854,0.999169469],"scale":1,"type":"step_concrete"}
{"pos":[116.374573,-406.296051,36.1896591],"rotationMatrix":[-0.856425762,0.515794218,-0.0221664906,-0.514928162,-0.856505632,-0.0353171788,-0.0372021161,-0.018832393,0.999130309],"scale":1,"type":"step_concrete"}
{"pos":[117.997925,-407.292084,36.2375526],"rotationMatrix":[-0.848508716,0.5284639,-0.0275491141,-0.527492821,-0.848809838,-0.0356835425,-0.0422414206,-0.0157458335,0.998983324],"scale":0.99999994,"type":"step_concrete"}
{"pos":[119.598816,-408.33136,36.3036041],"rotationMatrix":[-0.838865876,0.543241143,-0.0345450938,-0.542154074,-0.839495182,-0.0362927057,-0.0487161204,-0.0117159477,0.998743951],"scale":0.99999994,"type":"step_concrete"}
{"pos":[121.182007,-409.396942,36.3817329],"rotationMatrix":[-0.828940988,0.557840407,-0.0408799686,-0.556671083,-0.829910994,-0.0369491577,-0.0545384623,-0.00787196867,0.998480618],"scale":0.99999994,"type":"step_concrete"}
{"pos":[122.747009,-410.487427,36.4706306],"rotationMatrix":[-0.819114804,0.571673334,-0.047332868,-0.570463955,-0.820473433,-0.0373386629,-0.0601808801,-0.00358295813,0.998181045],"scale":0.99999994,"type":"step_concrete"}
{"pos":[124.290955,-411.605682,36.5729294],"rotationMatrix":[-0.809487939,0.584727645,-0.0531288758,-0.583482385,-0.811229587,-0.0381417349,-0.065402247,0.000124484301,0.997859001],"scale":0.99999994,"type":"step_concrete"}
{"pos":[125.813049,-412.751221,36.68536],"rotationMatrix":[-0.800035357,0.597222447,-0.0571744964,-0.59589994,-0.802072525,-0.0397867337,-0.0696196184,0.0022394862,0.997571111],"scale":0.99999994,"type":"step_concrete"}
{"pos":[127.316284,-413.9198,36.8039856],"rotationMatrix":[-0.790648222,0.609655976,-0.0565255135,-0.608572483,-0.792648077,-0.0367244184,-0.0671940967,0.00536377728,0.997725487],"scale":0.99999994,"type":"step_concrete"}
{"pos":[128.803284,-415.107513,36.9048805],"rotationMatrix":[-0.780638814,0.623454869,-0.0436703116,-0.622685254,-0.781853914,-0.0311048888,-0.0535362959,0.00291117188,0.99856168],"scale":0.99999994,"type":"step_concrete"}
{"pos":[130.273743,-416.31427,36.9887924],"rotationMatrix":[-0.771020412,0.635778964,-0.0362339541,-0.634918392,-0.771867156,-0.0331673771,-0.0490549132,-0.00256711897,0.998792768],"scale":0.99999994,"type":"step_concrete"}
{"pos":[131.722778,-417.544983,37.0592575],"rotationMatrix":[-0.760615826,0.648953736,-0.0179686081,-0.647693098,-0.760442972,-0.047119502,-0.0442424715,-0.0242016874,0.99872762],"scale":0.99999994,"type":"step_concrete"}
{"pos":[133.153076,-418.795807,37.1218033],"rotationMatrix":[-0.753893614,0.656100333,-0.0343035683,-0.654999077,-0.754644632,-0.038567815,-0.0511913672,-0.0066072233,0.998667002],"scale":0.99999994,"type":"step_concrete"}
{"pos":[134.56958,-420.061096,37.1839409],"rotationMatrix":[-0.745396614,0.665971041,-0.0294331312,-0.664896131,-0.745917082,-0.0389964283,-0.0479251668,-0.00949783158,0.998805761],"scale":1,"type":"step_concrete"}
{"pos":[135.97229,-421.340637,37.2468414],"rotationMatrix":[-0.737954617,0.674025357,-0.0333541743,-0.6729092,-0.738678813,-0.0393286198,-0.051146511,-0.00657841191,0.998669505],"scale":1,"type":"step_concrete"}
{"pos":[100.595337,-395.949127,35.1761932],"rotationMatrix":[-0.866467476,0.498371482,-0.0293251853,-0.497701645,-0.866915345,-0.0274031051,-0.0390793793,-0.00914870668,0.999194205],"scale":1,"type":"step_concrete"}
{"pos":[102.22052,-396.893921,35.243782],"rotationMatrix":[-0.867278457,0.496675193,-0.0337932557,-0.495978892,-0.867910028,-0.0271524172,-0.042815432,-0.00678796507,0.999059916],"scale":0.99999994,"type":"step_concrete"}
{"pos":[103.847534,-397.837769,35.3085861],"rotationMatrix":[-0.867619753,0.496031851,-0.0344720595,-0.495384842,-0.868287563,-0.0258941054,-0.0427759625,-0.00538930297,0.999070168],"scale":0.99999994,"type":"step_concrete"}
{"pos":[105.476135,-398.781921,35.3775864],"rotationMatrix":[-0.867461681,0.496487677,-0.0317856297,-0.49597615,-0.868034124,-0.022901183,-0.0389611647,-0.00410098396,0.999232292],"scale":1,"type":"step_concrete"}
{"pos":[107.105164,-399.727051,35.4621811],"rotationMatrix":[-0.867999673,0.494395018,-0.0463686176,-0.49351275,-0.869232535,-0.029661119,-0.0549694262,-0.00286233705,0.998483956],"scale":1,"type":"step_concrete"}
{"pos":[108.734314,-400.673248,35.5488243],"rotationMatrix":[-0.867756128,0.49460578,-0.0486242808,-0.49375236,-0.869116545,-0.0290684216,-0.0566375814,-0.00121595059,0.998394072],"scale":0.99999994,"type":"step_concrete"}
{"pos":[110.363403,-401.621155,35.6509743],"rotationMatrix":[-0.866941571,0.496590197,-0.0425495245,-0.495686471,-0.867969036,-0.0304058939,-0.0520309396,-0.00526890997,0.998631597],"scale":0.99999994,"type":"step_concrete"}
{"pos":[111.991913,-402.571777,35.7108955],"rotationMatrix":[-0.865104198,0.501037419,-0.0235857815,-0.500177562,-0.865239143,-0.0344043002,-0.0376451798,-0.0179662239,0.999129653],"scale":0.99999994,"type":"step_concrete"}
{"pos":[113.621277,-403.526825,35.7516174],"rotationMatrix":[-0.863641977,0.503651559,-0.0213952363,-0.50291425,-0.863740563,-0.032086771,-0.0346404873,-0.0169515088,0.999256074],"scale":0.99999994,"type":"step_concrete"}
{"pos":[115.253967,-404.488586,35.7938118],"rotationMatrix":[-0.860978603,0.508176088,-0.0217523482,-0.507348776,-0.861051798,-0.0344566256,-0.0362399258,-0.0186303854,0.999169469],"scale":1,"type":"step_concrete"}
{"pos":[116.889099,-405.463226,35.8366776],"rotationMatrix":[-0.856441975,0.515758038,-0.0223801993,-0.514894605,-0.856533051,-0.0351408087,-0.037293531,-0.0185726173,0.999131739],"scale":1,"type":"step_concrete"}
{"pos":[118.525696,-406.467529,35.8851509],"rotationMatrix":[-0.848508716,0.5284639,-0.0275491141,-0.527492821,-0.848809838,-0.0356835425,-0.0422414206,-0.0157458335,0.998983324],"scale":0.99999994,"type":"step_concrete"}
{"pos":[120.141968,-407.516846,35.9519348],"rotationMatrix":[-0.838865876,0.543241143,-0.0345450938,-0.542154074,-0.839495182,-0.0362927057,-0.0487161204,-0.0117159477,0.998743951],"scale":0.99999994,"type":"step_concrete"}
{"pos":[121.740387,-408.592773,36.0302315],"rotationMatrix":[-0.828896761,0.557967961,-0.0400265679,-0.556852162,-0.829827547,-0.0360836536,-0.0533486679,-0.00762073509,0.998546839],"scale":0.99999994,"type":"step_concrete"}
{"pos":[123.319763,-409.693542,36.120266],"rotationMatrix":[-0.819114804,0.571673334,-0.047332868,-0.570463955,-0.820473433,-0.0373386629,-0.0601808801,-0.00358295813,0.998181045],"scale":0.99999994,"type":"step_concrete"}
{"pos":[124.877258,-410.821747,36.2228241],"rotationMatrix":[-0.809383035,0.585071325,-0.0508988202,-0.583940387,-0.81098187,-0.0363614708,-0.0625520721,0.000291517004,0.99804163],"scale":0.99999994,"type":"step_concrete"}
{"pos":[126.41217,-411.97699,36.3377876],"rotationMatrix":[-0.800035357,0.597222447,-0.0571744964,-0.59589994,-0.802072525,-0.0397867337,-0.0696196184,0.0022394862,0.997571111],"scale":0.99999994,"type":"step_concrete"}
{"pos":[127.927368,-413.154999,36.4516373],"rotationMatrix":[-0.790445089,0.6102525,-0.0528066568,-0.609274268,-0.792193532,-0.034848921,-0.063099727,0.00462758075,0.997996509],"scale":0.99999994,"type":"step_concrete"}
{"pos":[129.425781,-414.351868,36.5475311],"rotationMatrix":[-0.780638814,0.623454869,-0.0436703116,-0.622685254,-0.781853914,-0.0311048888,-0.0535362959,0.00291117188,0.99856168],"scale":0.99999994,"type":"step_concrete"}
{"pos":[130.906921,-415.567688,36.6337051],"rotationMatrix":[-0.771020412,0.635778964,-0.0362339541,-0.634918392,-0.771867156,-0.0331673771,-0.0490549132,-0.00256711897,0.998792768],"scale":0.99999994,"type":"step_concrete"}
{"pos":[132.365967,-416.806976,36.7091103],"rotationMatrix":[-0.762742162,0.645448744,-0.0402533375,-0.64459163,-0.763803482,-0.033257477,-0.0522116311,0.000580081716,0.998635888],"scale":0.99999994,"type":"step_concrete"}
{"pos":[133.805542,-418.06604,36.7726784],"rotationMatrix":[-0.753893614,0.656100333,-0.0343035683,-0.654999077,-0.754644632,-0.038567815,-0.0511913672,-0.0066072233,0.998667002],"scale":0.99999994,"type":"step_concrete"}
{"pos":[135.230896,-419.339294,36.8352318],"rotationMatrix":[-0.745396614,0.665971041,-0.0294331312,-0.664896131,-0.745917082,-0.0389964283,-0.0479251668,-0.00949783158,0.998805761],"scale":1,"type":"step_concrete"}
{"pos":[136.641968,-420.626526,36.8985214],"rotationMatrix":[-0.737953186,0.67402786,-0.0333386958,-0.672911346,-0.738676429,-0.0393355861,-0.0511397943,-0.00659383275,0.998669744],"scale":1,"type":"step_concrete"}
{"pos":[138.034454,-421.931488,36.9705048],"rotationMatrix":[-0.730802774,0.68161869,-0.0363795981,-0.680441022,-0.731692433,-0.040326938,-0.0541062653,-0.00471686572,0.99852407],"scale":1,"type":"step_concrete"}
{"pos":[139.411255,-423.250732,37.0485916],"rotationMatrix":[-0.723893046,0.68884033,-0.0384434164,-0.687631428,-0.724906087,-0.0409174412,-0.0560534522,-0.00318494998,0.998422682],"scale":1,"type":"step_concrete"}
{"pos":[140.776062,-424.580933,37.1299896],"rotationMatrix":[-0.71734345,0.695468247,-0.0417394862,-0.69424206,-0.718556404,-0.0412852392,-0.0587047562,-0.000638393685,0.998275161],"scale":1,"type":"step_concrete"}
{"pos":[142.128418,-425.92218,37.2164841],"rotationMatrix":[-0.711000681,0.701795042,-0.0442888997,-0.700570405,-0.712377071,-0.0414709374,-0.0606545024,0.00154162198,0.99815762],"scale":1,"type":"step_concrete"}
{"pos":[143.466614,-427.275696,37.3093987],"rotationMatrix":[-0.705109835,0.707438409,-0.0484884903,-0.706136525,-0.70676446,-0.0430735424,-0.0647418201,0.00386791676,0.997894526],"scale":0.99999994,"type":"step_concrete"}
{"pos":[100.357605,-396.357269,35.3507538],"rotationMatrix":[-0.866467476,0.498371482,-0.0293251853,-0.497701645,-0.866915345,-0.0274031051,-0.0390793793,-0.00914870668,0.999194205],"scale":1,"type":"step_concrete"}
{"pos":[101.983276,-397.302246,35.4184418],"rotationMatrix":[-0.867278457,0.496675193,-0.0337932557,-0.495978892,-0.867910028,-0.0271524172,-0.042815432,-0.00678796507,0.999059916],"scale":0.99999994,"type":"step_concrete"}
{"pos":[103.610535,-398.246277,35.4839401],"rotationMatrix":[-0.867619753,0.496031851,-0.0344720595,-0.495384842,-0.868287563,-0.0258941054,-0.0427759625,-0.00538930297,0.999070168],"scale":0.99999994,"type":"step_concrete"}
{"pos":[105.239075,-399.190369,35.5530701],"rotationMatrix":[-0.86760056,0.496064663,-0.034486223,-0.495417535,-0.868268967,-0.0258953813,-0.0427890979,-0.00538176484,0.999069631],"scale":1,"type":"step_concrete"}
{"pos":[106.867981,-400.135406,35.6354866],"rotationMatrix":[-0.867999673,0.494395018,-0.0463686176,-0.49351275,-0.869232535,-0.029661119,-0.0549694262,-0.00286233705,0.998483956],"scale":1,"type":"step_concrete"}
{"pos":[108.496826,-401.081543,35.7224884],"rotationMatrix":[-0.867756128,0.49460578,-0.0486242808,-0.49375236,-0.869116545,-0.0290684216,-0.0566375814,-0.00121595059,0.998394072],"scale":0.99999994,"type":"step_concrete"}
{"pos":[110.12558,-402.029205,35.8238907],"rotationMatrix":[-0.866805434,0.497040093,-0.0399950333,-0.496139884,-0.86770165,-0.0306468308,-0.0499364547,-0.00672170892,0.998729765],"scale":0.99999994,"type":"step_concrete"}
{"pos":[111.753418,-402.979523,35.8812332],"rotationMatrix":[-0.864943624,0.501415968,-0.0213197302,-0.50056231,-0.864976287,-0.0354017131,-0.0361920483,-0.0199486315,0.999145746],"scale":0.99999994,"type":"step_concrete"}
{"pos":[113.381775,-403.933899,35.9237289],"rotationMatrix":[-0.863705158,0.503505051,-0.0222687609,-0.502765954,-0.863840222,-0.0317218825,-0.035208784,-0.016202379,0.999248624],"scale":0.99999994,"type":"step_concrete"}
{"pos":[115.012268,-404.894409,35.9646034],"rotationMatrix":[-0.860978603,0.508176088,-0.0217523482,-0.507348776,-0.861051798,-0.0344566256,-0.0362399258,-0.0186303854,0.999169469],"scale":1,"type":"step_concrete"}
{"pos":[116.64386,-405.866791,36.0070648],"rotationMatrix":[-0.856441975,0.515758038,-0.0223801993,-0.514894605,-0.856533051,-0.0351408087,-0.037293531,-0.0185726173,0.999131739],"scale":1,"type":"step_concrete"}
{"pos":[118.273987,-406.867157,36.0552635],"rotationMatrix":[-0.848508716,0.5284639,-0.0275491141,-0.527492821,-0.848809838,-0.0356835425,-0.0422414206,-0.0157458335,0.998983324],"scale":0.99999994,"type":"step_concrete"}
{"pos":[119.882812,-407.911682,36.1217155],"rotationMatrix":[-0.838865876,0.543241143,-0.0345450938,-0.542154074,-0.839495182,-0.0362927057,-0.0487161204,-0.0117159477,0.998743951],"scale":0.99999994,"type":"step_concrete"}
{"pos":[121.473755,-408.982697,36.2001457],"rotationMatrix":[-0.828896761,0.557967961,-0.0400265679,-0.556852162,-0.829827547,-0.0360836536,-0.0533486679,-0.00762073509,0.998546839],"scale":0.99999994,"type":"step_concrete"}
{"pos":[123.046295,-410.078491,36.2894478],"rotationMatrix":[-0.819114804,0.571673334,-0.047332868,-0.570463955,-0.820473433,-0.0373386629,-0.0601808801,-0.00358295813,0.998181045],"scale":0.99999994,"type":"step_concrete"}
{"pos":[124.597107,-411.201965,36.3922119],"rotationMatrix":[-0.809472799,0.584785759,-0.0527184606,-0.583577096,-0.811187625,-0.0375808813,-0.0647413284,0.000344578177,0.997902036],"scale":0.99999994,"type":"step_concrete"}
{"pos":[126.125885,-412.3526,36.5056763],"rotationMatrix":[-0.800035357,0.597222447,-0.0571744964,-0.59589994,-0.802072525,-0.0397867337,-0.0696196184,0.0022394862,0.997571111],"scale":0.99999994,"type":"step_concrete"}
{"pos":[127.635254,-413.526093,36.6221695],"rotationMatrix":[-0.790445089,0.6102525,-0.0528066568,-0.609274268,-0.792193532,-0.034848921,-0.063099727,0.00462758075,0.997996509],"scale":0.99999994,"type":"step_concrete"}
{"pos":[129.128113,-414.718567,36.7200928],"rotationMatrix":[-0.780638814,0.623454869,-0.0436703116,-0.622685254,-0.781853914,-0.0311048888,-0.0535362959,0.00291117188,0.99856168],"scale":0.99999994,"type":"step_concrete"}
{"pos":[130.604065,-415.930084,36.8051529],"rotationMatrix":[-0.771020412,0.635778964,-0.0362339541,-0.634918392,-0.771867156,-0.0331673771,-0.0490549132,-0.00256711897,0.998792768],"scale":0.99999994,"type":"step_concrete"}
{"pos":[132.058289,-417.165283,36.8805084],"rotationMatrix":[-0.762742162,0.645448744,-0.0402533375,-0.64459163,-0.763803482,-0.033257477,-0.0522116311,0.000580081716,0.998635888],"scale":0.99999994,"type":"step_concrete"}
{"pos":[133.493317,-418.42041,36.9412498],"rotationMatrix":[-0.753893614,0.656100333,-0.0343035683,-0.654999077,-0.754644632,-0.038567815,-0.0511913672,-0.0066072233,0.998667002],"scale":0.99999994,"type":"step_concrete"}
{"pos":[134.914429,-419.689819,37.0035629],"rotationMatrix":[-0.745396614,0.665971041,-0.0294331312,-0.664896131,-0.745917082,-0.0389964283,-0.0479251668,-0.00949783158,0.998805761],"scale":1,"type":"step_concrete"}
{"pos":[136.321411,-420.973358,37.0666809],"rotationMatrix":[-0.737953186,0.67402786,-0.0333386958,-0.672911346,-0.738676429,-0.0393355861,-0.0511397943,-0.00659383275,0.998669744],"scale":1,"type":"step_concrete"}
{"pos":[137.710083,-422.27475,37.1381264],"rotationMatrix":[-0.730802774,0.68161869,-0.0363795981,-0.680441022,-0.731692433,-0.040326938,-0.0541062653,-0.00471686572,0.99852407],"scale":1,"type":"step_concrete"}
{"pos":[139.083374,-423.590637,37.2159004],"rotationMatrix":[-0.723893046,0.68884033,-0.0384434164,-0.687631428,-0.724906087,-0.0409174412,-0.0560534522,-0.00318494998,0.998422682],"scale":1,"type":"step_concrete"}
{"pos":[140.444824,-424.917603,37.2971077],"rotationMatrix":[-0.71734345,0.695468247,-0.0417394862,-0.69424206,-0.718556404,-0.0412852392,-0.0587047562,-0.000638393685,0.998275161],"scale":1,"type":"step_concrete"}
{"pos":[100.842407,-395.519073,34.9928055],"rotationMatrix":[-0.866467476,0.498371482,-0.0293251853,-0.497701645,-0.866915345,-0.0274031051,-0.0390793793,-0.00914870668,0.999194205],"scale":1,"type":"step_concrete"}
{"pos":[102.467163,-396.463501,35.0599785],"rotationMatrix":[-0.867140532,0.497083068,-0.0312395319,-0.496492445,-0.867681146,-0.0249962527,-0.0395311639,-0.0061650686,0.999199331],"scale":0.99999994,"type":"step_concrete"}
{"pos":[104.093933,-397.407227,35.1242981],"rotationMatrix":[-0.867619753,0.496031851,-0.0344720595,-0.495384842,-0.868287563,-0.0258941054,-0.0427759625,-0.00538930297,0.999070168],"scale":0.99999994,"type":"step_concrete"}
{"pos":[105.722534,-398.351349,35.1916008],"rotationMatrix":[-0.867461681,0.496487677,-0.0317856297,-0.49597615,-0.868034124,-0.022901183,-0.0389611647,-0.00410098396,0.999232292],"scale":1,"type":"step_concrete"}
{"pos":[107.351715,-399.29657,35.2799835],"rotationMatrix":[-0.867999673,0.494395018,-0.0463686176,-0.49351275,-0.869232535,-0.029661119,-0.0549694262,-0.00286233705,0.998483956],"scale":1,"type":"step_concrete"}
{"pos":[108.981201,-400.243042,35.3663177],"rotationMatrix":[-0.867756128,0.49460578,-0.0486242808,-0.49375236,-0.869116545,-0.0290684216,-0.0566375814,-0.00121595059,0.998394072],"scale":0.99999994,"type":"step_concrete"}
{"pos":[110.610718,-401.191162,35.4692192],"rotationMatrix":[-0.866941571,0.496590197,-0.0425495245,-0.495686471,-0.867969036,-0.0304058939,-0.0520309396,-0.00526890997,0.998631597],"scale":0.99999994,"type":"step_concrete"}
{"pos":[112.239746,-402.14209,35.5314331],"rotationMatrix":[-0.865104198,0.501037419,-0.0235857815,-0.500177562,-0.865239143,-0.0344043002,-0.0376451798,-0.0179662239,0.999129653],"scale":0.99999994,"type":"step_concrete"}
{"pos":[113.870361,-403.097778,35.5708389],"rotationMatrix":[-0.863641977,0.503651559,-0.0213952363,-0.50291425,-0.863740563,-0.032086771,-0.0346404873,-0.0169515088,0.999256074],"scale":0.99999994,"type":"step_concrete"}
{"pos":[115.505249,-404.060944,35.614399],"rotationMatrix":[-0.860978603,0.508176088,-0.0217523482,-0.507348776,-0.861051798,-0.0344566256,-0.0362399258,-0.0186303854,0.999169469],"scale":1,"type":"step_concrete"}
{"pos":[117.144196,-405.037811,35.6576347],"rotationMatrix":[-0.856441975,0.515758038,-0.0223801993,-0.514894605,-0.856533051,-0.0351408087,-0.037293531,-0.0185726173,0.999131739],"scale":1,"type":"step_concrete"}
{"pos":[118.787476,-406.046173,35.7063942],"rotationMatrix":[-0.848508716,0.5284639,-0.0275491141,-0.527492821,-0.848809838,-0.0356835425,-0.0422414206,-0.0157458335,0.998983324],"scale":0.99999994,"type":"step_concrete"}
{"pos":[120.411713,-407.100555,35.7735062],"rotationMatrix":[-0.838865876,0.543241143,-0.0345450938,-0.542154074,-0.839495182,-0.0362927057,-0.0487161204,-0.0117159477,0.998743951],"scale":0.99999994,"type":"step_concrete"}
{"pos":[122.017761,-408.181641,35.8516998],"rotationMatrix":[-0.828896761,0.557967961,-0.0400265679,-0.556852162,-0.829827547,-0.0360836536,-0.0533486679,-0.00762073509,0.998546839],"scale":0.99999994,"type":"step_concrete"}
{"pos":[123.604706,-409.287445,35.9423828],"rotationMatrix":[-0.819114804,0.571673334,-0.047332868,-0.570463955,-0.820473433,-0.0373386629,-0.0601808801,-0.00358295813,0.998181045],"scale":0.99999994,"type":"step_concrete"}
{"pos":[125.169128,-410.420624,36.0449448],"rotationMatrix":[-0.809708238,0.584038079,-0.0572029911,-0.582753599,-0.811723948,-0.0387625098,-0.0690718144,0.0019489266,0.997609794],"scale":0.99999994,"type":"step_concrete"}
{"pos":[126.71051,-411.580658,36.1608734],"rotationMatrix":[-0.799987912,0.597385645,-0.0561214238,-0.59611547,-0.801950932,-0.0389997438,-0.0683045164,0.00225552544,0.997661948],"scale":0.99999994,"type":"step_concrete"}
{"pos":[128.231873,-412.763428,36.2718391],"rotationMatrix":[-0.789966822,0.6114856,-0.0451405197,-0.610670447,-0.791251421,-0.0316657126,-0.0550806299,0.00255112071,0.998478651],"scale":0.99999994,"type":"step_concrete"}
{"pos":[129.736023,-413.964874,36.366188],"rotationMatrix":[-0.780697703,0.623325169,-0.0444615409,-0.62255317,-0.781955719,-0.0311910436,-0.0542091131,0.00332889426,0.99852407],"scale":0.99999994,"type":"step_concrete"}
{"pos":[131.222717,-415.18512,36.4535065],"rotationMatrix":[-0.771020412,0.635778964,-0.0362339541,-0.634918392,-0.771867156,-0.0331673771,-0.0490549132,-0.00256711897,0.998792768],"scale":0.99999994,"type":"step_concrete"}
{"pos":[132.68689,-416.428741,36.5289688],"rotationMatrix":[-0.762742162,0.645448744,-0.0402533375,-0.64459163,-0.763803482,-0.033257477,-0.0522116311,0.000580081716,0.998635888],"scale":0.99999994,"type":"step_concrete"}
{"pos":[134.131287,-417.691925,36.5955238],"rotationMatrix":[-0.753893614,0.656100333,-0.0343035683,-0.654999077,-0.754644632,-0.038567815,-0.0511913672,-0.0066072233,0.998667002],"scale":0.99999994,"type":"step_concrete"}
{"pos":[135.561157,-418.969177,36.6574593],"rotationMatrix":[-0.745580316,0.665687084,-0.0311559327,-0.664706111,-0.746201038,-0.0367398039,-0.0477058031,-0.0066829389,0.99883908],"scale":1,"type":"step_concrete"}
{"pos":[136.97644,-420.260254,36.7218132],"rotationMatrix":[-0.737953186,0.67402786,-0.0333386958,-0.672911346,-0.738676429,-0.0393355861,-0.0511397943,-0.00659383275,0.998669744],"scale":1,"type":"step_concrete"}
{"pos":[138.372986,-421.568909,36.7943306],"rotationMatrix":[-0.730802774,0.68161869,-0.0363795981,-0.680441022,-0.731692433,-0.040326938,-0.0541062653,-0.00471686572,0.99852407],"scale":1,"type":"step_concrete"}
{"pos":[139.753418,-422.891693,36.8727684],"rotationMatrix":[-0.723893046,0.68884033,-0.0384434164,-0.687631428,-0.724906087,-0.0409174412,-0.0560534522,-0.00318494998,0.998422682],"scale":1,"type":"step_concrete"}
{"pos":[141.121765,-424.225281,36.9542961],"rotationMatrix":[-0.717326999,0.69549799,-0.0415295064,-0.694280267,-0.718527913,-0.0411429927,-0.058454968,-0.000679859892,0.998289824],"scale":1,"type":"step_concrete"}
{"pos":[142.477417,-425.569824,37.0409737],"rotationMatrix":[-0.711000681,0.701795042,-0.0442888997,-0.700570405,-0.712377071,-0.0414709374,-0.0606545024,0.00154162198,0.99815762],"scale":1,"type":"step_concrete"}
{"pos":[143.818817,-426.926392,37.1347351],"rotationMatrix":[-0.705109835,0.707438409,-0.0484884903,-0.706136525,-0.70676446,-0.0430735424,-0.0647418201,0.00386791676,0.997894526],"scale":0.99999994,"type":"step_concrete"}
{"pos":[101.080139,-395.110901,34.8182297],"rotationMatrix":[-0.866467476,0.498371482,-0.0293251853,-0.497701645,-0.866915345,-0.0274031051,-0.0390793793,-0.00914870668,0.999194205],"scale":1,"type":"step_concrete"}
{"pos":[102.704407,-396.055084,34.8841248],"rotationMatrix":[-0.867140532,0.497083068,-0.0312395319,-0.496492445,-0.867681146,-0.0249962527,-0.0395311639,-0.0061650686,0.999199331],"scale":0.99999994,"type":"step_concrete"}
{"pos":[104.330933,-396.998718,34.9489479],"rotationMatrix":[-0.867619753,0.496031851,-0.0344720595,-0.495384842,-0.868287563,-0.0258941054,-0.0427759625,-0.00538930297,0.999070168],"scale":0.99999994,"type":"step_concrete"}
{"pos":[105.959534,-397.942871,35.0146446],"rotationMatrix":[-0.867461681,0.496487677,-0.0317856297,-0.49597615,-0.868034124,-0.022901183,-0.0389611647,-0.00410098396,0.999232292],"scale":1,"type":"step_concrete"}
{"pos":[107.588928,-398.888184,35.1035461],"rotationMatrix":[-0.867071986,0.497369528,-0.0284582619,-0.496974647,-0.867532611,-0.0200829953,-0.0346771404,-0.00327036623,0.999393225],"scale":1,"type":"step_concrete"}
{"pos":[109.218689,-399.834839,35.1929474],"rotationMatrix":[-0.867862344,0.49416244,-0.0511715226,-0.49327141,-0.869369507,-0.0296658315,-0.0591466986,-0.000504405238,0.998249173],"scale":0.99999994,"type":"step_concrete"}
{"pos":[110.848633,-400.783173,35.2954712],"rotationMatrix":[-0.865660429,0.500193596,-0.0209359266,-0.499729037,-0.865853906,-0.0238311663,-0.0300476514,-0.0101674087,0.999496758],"scale":0.99999994,"type":"step_concrete"}
{"pos":[112.47821,-401.734436,35.3606415],"rotationMatrix":[-0.865104198,0.501037419,-0.0235857815,-0.500177562,-0.865239143,-0.0344043002,-0.0376451798,-0.0179662239,0.999129653],"scale":0.99999994,"type":"step_concrete"}
{"pos":[114.109863,-402.690796,35.3992462],"rotationMatrix":[-0.863089681,0.504857898,-0.0139520271,-0.504233718,-0.862935424,-0.0330280997,-0.0287141949,-0.0214711279,0.999357045],"scale":0.99999994,"type":"step_concrete"}
{"pos":[115.746918,-403.655151,35.4436264],"rotationMatrix":[-0.860978603,0.508176088,-0.0217523482,-0.507348776,-0.861051798,-0.0344566256,-0.0362399258,-0.0186303854,0.999169469],"scale":1,"type":"step_concrete"}
{"pos":[117.389526,-404.634247,35.4872322],"rotationMatrix":[-0.856441975,0.515758038,-0.0223801993,-0.514894605,-0.856533051,-0.0351408087,-0.037293531,-0.0185726173,0.999131739],"scale":1,"type":"step_concrete"}
{"pos":[119.039154,-405.646545,35.5362854],"rotationMatrix":[-0.848508716,0.5284639,-0.0275491141,-0.527492821,-0.848809838,-0.0356835425,-0.0422414206,-0.0157458335,0.998983324],"scale":0.99999994,"type":"step_concrete"}
{"pos":[120.670898,-406.705719,35.6037178],"rotationMatrix":[-0.838865876,0.543241143,-0.0345450938,-0.542154074,-0.839495182,-0.0362927057,-0.0487161204,-0.0117159477,0.998743951],"scale":0.99999994,"type":"step_concrete"}
{"pos":[122.284332,-407.791748,35.6818085],"rotationMatrix":[-0.828896761,0.557967961,-0.0400265679,-0.556852162,-0.829827547,-0.0360836536,-0.0533486679,-0.00762073509,0.998546839],"scale":0.99999994,"type":"step_concrete"}
{"pos":[123.878265,-408.902374,35.7730026],"rotationMatrix":[-0.819096923,0.571733534,-0.0469132625,-0.570558846,-0.820432425,-0.0367845297,-0.0595201142,-0.00336331688,0.998221457],"scale":0.99999994,"type":"step_concrete"}
{"pos":[125.449249,-410.040436,35.8765221],"rotationMatrix":[-0.809708238,0.584038079,-0.0572029911,-0.582753599,-0.811723948,-0.0387625098,-0.0690718144,0.0019489266,0.997609794],"scale":0.99999994,"type":"step_concrete"}
{"pos":[126.996826,-411.205048,35.9911118],"rotationMatrix":[-0.799788713,0.598092616,-0.0512167811,-0.597205341,-0.801415324,-0.0328499861,-0.0606932491,0.00431388896,0.99814713],"scale":0.99999994,"type":"step_concrete"}
{"pos":[128.523987,-412.392334,36.0995979],"rotationMatrix":[-0.789966822,0.6114856,-0.0451405197,-0.610670447,-0.791251421,-0.0316657126,-0.0550806299,0.00255112071,0.998478651],"scale":0.99999994,"type":"step_concrete"}
{"pos":[130.033752,-413.598206,36.193676],"rotationMatrix":[-0.780697703,0.623325169,-0.0444615409,-0.62255317,-0.781955719,-0.0311910436,-0.0542091131,0.00332889426,0.99852407],"scale":0.99999994,"type":"step_concrete"}
