{"pos":[-288.311981,-28.4234428,32.8063622],"rotationMatrix":[-0.744803131,-0.644220948,-0.173918128,0.627344728,-0.76483959,0.146490633,-0.227391765,9.21343641e-08,0.97380352],"scale":0.938536763,"type":"tree_beech_dead_b"}
{"pos":[-327.005341,-116.361404,37.7862473],"rotationMatrix":[0.44521451,-0.895423949,0,0.895423949,0.44521451,0,0,0,1],"scale":1.08157039,"type":"tree_beech_dead_b"}
{"pos":[-322.382324,-111.822693,37.3435059],"rotationMatrix":[-0.992569983,-0.108286105,-0.0554823503,0.108117312,-0.994119465,0.00604350399,-0.0558105148,-1.39700473e-09,0.998441398],"scale":0.584732771,"type":"tree_beech_dead_b"}
{"pos":[-299.477631,-153.871048,40.1715279],"rotationMatrix":[-0.95495975,0.296735376,0,-0.296735376,-0.95495975,0,0,0,1],"scale":0.984890878,"type":"tree_beech_dead_b"}
{"pos":[-223.689621,-61.9691849,28.9037552],"rotationMatrix":[-0.869130671,-0.494582504,0,0.494582504,-0.869130671,0,0,0,1],"scale":0.697882533,"type":"tree_beech_dead_b"}
