//--- OBJECT WRITE BEGIN ---
$ThisPrefab = new SimGroup() {
  canSave = "1";
  canSaveDynamicFields = "1";
  groupPosition = "0 0 0";

  new TSStatic() {
    shapeName = "levels/hirochi_raceway/art/shapes/buildings/hr_plasticbarrier.dae";
    position = "-372.1875915527344 229.01795959472656 25.003511428833008";
    rotationMatrix = "0.6639367341995239 -0.7477828860282898 0.002964705927297473 0.7477831840515137 0.6639418601989746 0.001217345823533833 -0.002878702711313963 0.0014087166637182236 0.9999948740005493";
    scale = "1.0 1.0 1.0";
    decalType = "Collision Mesh";
    collisionType = "Collision Mesh";
  };

  new TSStatic() {
    shapeName = "levels/hirochi_raceway/art/shapes/buildings/hr_plasticbarrier.dae";
    position = "-374.0972900390625 231.1490478515625 25.021373748779297";
    rotationMatrix = "0.6632533669471741 -0.7483948469161987 -0.000295710691716522 0.7483947277069092 0.6632528901100159 0.0009680143557488918 -0.0005283259670250118 -0.0008633470861241221 0.999999463558197";
    scale = "1.0 1.0 1.0";
    decalType = "Collision Mesh";
    collisionType = "Collision Mesh";
  };

  new TSStatic() {
    shapeName = "levels/hirochi_raceway/art/shapes/buildings/hr_plasticbarrier.dae";
    position = "-376.03240966796875 233.2665557861328 25.026758193969727";
    rotationMatrix = "0.6803863048553467 -0.7328530550003052 -0.0009191094432026148 0.73285311460495 0.6803837418556213 0.002054703189060092 -0.000880448438692838 -0.0020715640857815742 0.9999974370002747";
    scale = "1.0 1.0 1.0";
    decalType = "Collision Mesh";
    collisionType = "Collision Mesh";
  };

  new TSStatic() {
    shapeName = "levels/hirochi_raceway/art/shapes/buildings/hr_plasticbarrier.dae";
    position = "-377.993896484375 235.35052490234375 25.02766227722168";
    rotationMatrix = "0.6826840043067932 -0.7307113409042358 0.001870637875981629 0.7307072877883911 0.6826865077018738 0.002442707307636738 -0.0030619732569903135 -0.00030070848879404366 0.9999952912330627";
    scale = "1.0 1.0 1.0";
    decalType = "Collision Mesh";
    collisionType = "Collision Mesh";
  };

  new TSStatic() {
    shapeName = "levels/hirochi_raceway/art/shapes/buildings/hr_plasticbarrier.dae";
    position = "-383.9819641113281 241.55661010742188 25.00621223449707";
    rotationMatrix = "0.7009719014167786 -0.7131853699684143 -0.002241486916318536 0.7131884694099426 0.7009645104408264 0.0033154564443975687 -0.0007933323504403234 -0.003922644536942244 0.9999920129776001";
    scale = "1.0 1.0 1.0";
    decalType = "Collision Mesh";
    collisionType = "Collision Mesh";
  };

  new TSStatic() {
    shapeName = "levels/hirochi_raceway/art/shapes/buildings/hr_plasticbarrier.dae";
    position = "-381.97052001953125 239.52099609375 25.011280059814453";
    rotationMatrix = "0.6992499232292175 -0.7148771286010742 0.0005151586956344545 0.7148769497871399 0.6992501020431519 0.0005045990692451596 -0.0007209511240944266 1.5434163287864067e-05 0.9999997615814209";
    scale = "1.0 1.0 1.0";
    decalType = "Collision Mesh";
    collisionType = "Collision Mesh";
  };

  new TSStatic() {
    shapeName = "levels/hirochi_raceway/art/shapes/buildings/hr_plasticbarrier.dae";
    position = "-379.9842224121094 237.45123291015625 25.01893424987793";
    rotationMatrix = "0.6824856996536255 -0.7308893799781799 0.003736529964953661 0.7308688759803772 0.6824951171875 0.005581475794315338 -0.00662960484623909 -0.0010783642064779997 0.9999774694442749";
    scale = "1.0 1.0 1.0";
    decalType = "Collision Mesh";
    collisionType = "Collision Mesh";
  };

  new TSStatic() {
    shapeName = "levels/hirochi_raceway/art/shapes/buildings/hr_plasticbarrier.dae";
    position = "-386.0170593261719 243.5914764404297 25.01338768005371";
    rotationMatrix = "0.7112995386123657 -0.7028775811195374 -0.004001814406365156 0.7028859853744507 0.7113016247749329 0.0011324055958539248 0.0020505546126514673 -0.0036182990297675133 0.9999913573265076";
    scale = "1.0 1.0 1.0";
    decalType = "Collision Mesh";
    collisionType = "Collision Mesh";
  };

  new TSStatic() {
    shapeName = "levels/hirochi_raceway/art/shapes/buildings/hr_plasticbarrier.dae";
    position = "-388.0845642089844 245.57986450195312 25.022720336914062";
    rotationMatrix = "0.7273291945457458 -0.6862859129905701 -0.0019714899826794863 0.6862871646881104 0.7273306846618652 -4.259810157236643e-05 0.0014631595695391297 -0.0013220253167673945 0.9999980330467224";
    scale = "1.0 1.0 1.0";
    decalType = "Collision Mesh";
    collisionType = "Collision Mesh";
  };

  new TSStatic() {
    shapeName = "levels/hirochi_raceway/art/shapes/buildings/hr_plasticbarrier.dae";
    position = "-390.17626953125 247.53289794921875 25.003150939941406";
    rotationMatrix = "0.7293334007263184 -0.684158444404602 -7.39385504857637e-05 0.6841549873352051 0.7293293476104736 0.0032661589793860912 -0.002180644776672125 -0.0024327042046934366 0.9999946355819702";
    scale = "1.0 1.0 1.0";
    decalType = "Collision Mesh";
    collisionType = "Collision Mesh";
  };

  new TSStatic() {
    shapeName = "levels/hirochi_raceway/art/shapes/buildings/hr_plasticbarrier.dae";
    position = "-386.2872314453125 429.8916931152344 32.21027755737305";
    rotationMatrix = "-0.7941645979881287 0.6010631918907166 0.08958586305379868 -0.600514829158783 -0.7988035082817078 0.03598455712199211 0.09319049119949341 -0.025219980627298355 0.9953288435935974";
    scale = "1.0 1.0 1.0";
    decalType = "Collision Mesh";
    collisionType = "Collision Mesh";
  };

  new TSStatic() {
    shapeName = "levels/hirochi_raceway/art/shapes/buildings/hr_plasticbarrier.dae";
    position = "-388.57501220703125 431.6110534667969 32.43669891357422";
    rotationMatrix = "-0.7940753102302551 0.6036521196365356 0.07105298340320587 -0.6024676561355591 -0.7971656918525696 0.03949189931154251 0.08048036694526672 -0.011447584256529808 0.9966904520988464";
    scale = "1.0 1.0 1.0";
    decalType = "Collision Mesh";
    collisionType = "Collision Mesh";
  };

  new TSStatic() {
    shapeName = "levels/hirochi_raceway/art/shapes/buildings/hr_plasticbarrier.dae";
    position = "-390.8425598144531 433.36798095703125 32.62950897216797";
    rotationMatrix = "-0.7814196348190308 0.620775580406189 0.06341155618429184 -0.6196413040161133 -0.7839351892471313 0.03860417753458023 0.07367508113384247 -0.009126356802880764 0.9972405433654785";
    scale = "1.0 1.0 1.0";
    decalType = "Collision Mesh";
    collisionType = "Collision Mesh";
  };

  new TSStatic() {
    shapeName = "levels/hirochi_raceway/art/shapes/buildings/hr_plasticbarrier.dae";
    position = "-383.9996032714844 428.1725769042969 31.940378189086914";
    rotationMatrix = "-0.7927064299583435 0.60190349817276 0.09658487141132355 -0.6018986701965332 -0.7979117035865784 0.032478224486112595 0.09661495685577393 -0.032388608902692795 0.9947947263717651";
    scale = "1.0 1.0 1.0";
    decalType = "Collision Mesh";
    collisionType = "Collision Mesh";
  };

  new TSStatic() {
    shapeName = "levels/hirochi_raceway/art/shapes/buildings/hr_plasticbarrier.dae";
    position = "-381.6896057128906 426.4718322753906 31.659013748168945";
    rotationMatrix = "-0.8049915432929993 0.5833896994590759 0.1079123467206955 -0.5843122005462646 -0.8111066222190857 0.02617782913148403 0.10280029475688934 -0.041981570422649384 0.9938157200813293";
    scale = "1.0 1.0 1.0";
    decalType = "Collision Mesh";
    collisionType = "Collision Mesh";
  };

  new TSStatic() {
    shapeName = "levels/hirochi_raceway/art/shapes/buildings/hr_plasticbarrier.dae";
    position = "-379.3603515625 424.8091125488281 31.356365203857422";
    rotationMatrix = "-0.806915283203125 0.5816938877105713 0.10256678611040115 -0.583030641078949 -0.8122151494026184 0.019540973007678986 0.09467316418886185 -0.044031668454408646 0.9945341348648071";
    scale = "1.0 1.0 1.0";
    decalType = "Collision Mesh";
    collisionType = "Collision Mesh";
  };

  new TSStatic() {
    shapeName = "levels/hirochi_raceway/art/shapes/buildings/hr_plasticbarrier.dae";
    position = "-372.27972412109375 419.88592529296875 30.526662826538086";
    rotationMatrix = "-0.823037326335907 0.5626450777053833 0.07771807163953781 -0.5640232563018799 -0.8257437348365784 0.004998620133846998 0.06698766350746155 -0.03972075134515762 0.99696284532547";
    scale = "1.0 1.0 1.0";
    decalType = "Collision Mesh";
    collisionType = "Collision Mesh";
  };

  new TSStatic() {
    shapeName = "levels/hirochi_raceway/art/shapes/buildings/hr_plasticbarrier.dae";
    position = "-374.6486511230469 421.4915771484375 30.770851135253906";
    rotationMatrix = "-0.8208752274513245 0.5641083121299744 0.08913838863372803 -0.5660408139228821 -0.82436603307724 0.004295246209949255 0.07590564340353012 -0.04693010076880455 0.9960100054740906";
    scale = "1.0 1.0 1.0";
    decalType = "Collision Mesh";
    collisionType = "Collision Mesh";
  };

  new TSStatic() {
    shapeName = "levels/hirochi_raceway/art/shapes/buildings/hr_plasticbarrier.dae";
    position = "-376.9995422363281 423.1355285644531 31.0518741607666";
    rotationMatrix = "-0.8058648109436035 0.5823972225189209 0.10674901306629181 -0.5839810967445374 -0.8115442395210266 0.019028546288609505 0.09771371632814407 -0.04700496792793274 0.9941039085388184";
    scale = "1.0 1.0 1.0";
    decalType = "Collision Mesh";
    collisionType = "Collision Mesh";
  };

  new TSStatic() {
    shapeName = "levels/hirochi_raceway/art/shapes/buildings/hr_plasticbarrier.dae";
    position = "-369.8877868652344 418.28564453125 30.316577911376953";
    rotationMatrix = "-0.8318992853164673 0.5509170293807983 0.06658821552991867 -0.552345335483551 -0.8336071372032166 -0.0037143826484680176 0.05346209555864334 -0.03986968472599983 0.9977736473083496";
    scale = "1.0 1.0 1.0";
    decalType = "Collision Mesh";
    collisionType = "Collision Mesh";
  };

  new TSStatic() {
    shapeName = "levels/hirochi_raceway/art/shapes/buildings/hr_plasticbarrier.dae";
    position = "-367.47308349609375 416.7372741699219 30.152793884277344";
    rotationMatrix = "-0.8454138040542603 0.531796932220459 0.04967418313026428 -0.5332788825035095 -0.8456290364265442 -0.022917279973626137 0.029818592593073845 -0.0458647757768631 0.9985024929046631";
    scale = "1.0 1.0 1.0";
    decalType = "Collision Mesh";
    collisionType = "Collision Mesh";
  };

  new TSStatic() {
    shapeName = "levels/hirochi_raceway/art/shapes/buildings/hr_plasticbarrier.dae";
    position = "-365.0414733886719 415.228271484375 30.010831832885742";
    rotationMatrix = "-0.8469530344009399 0.529518723487854 0.04775484651327133 -0.5309677720069885 -0.847026526927948 -0.024885015562176704 0.02727253921329975 -0.046432722359895706 0.9985490441322327";
    scale = "1.0 1.0 1.0";
    decalType = "Collision Mesh";
    collisionType = "Collision Mesh";
  };

  new TSStatic() {
    shapeName = "levels/hirochi_raceway/art/shapes/buildings/hr_plasticbarrier.dae";
    position = "-393.06329345703125 435.2514953613281 32.8064079284668";
    rotationMatrix = "-0.7373608350753784 0.6740591526031494 0.04408163204789162 -0.6728166341781616 -0.7386771440505981 0.040912698954343796 0.060139674693346024 0.0005085672601126134 0.9981898665428162";
    scale = "1.0 1.0 1.0";
    decalType = "Collision Mesh";
    collisionType = "Collision Mesh";
  };

  new TSStatic() {
    shapeName = "levels/hirochi_raceway/art/shapes/buildings/hr_plasticbarrier.dae";
    position = "-395.18182373046875 437.1753845214844 32.92869186401367";
    rotationMatrix = "-0.7357555031776428 0.6762335300445557 0.0370420478284359 -0.6752118468284607 -0.7366834878921509 0.03723418712615967 0.05246726796030998 0.0023840286303311586 0.998619794845581";
    scale = "1.0 1.0 1.0";
    decalType = "Collision Mesh";
    collisionType = "Collision Mesh";
  };

  new TSStatic() {
    shapeName = "levels/hirochi_raceway/art/shapes/buildings/hr_plasticbarrier.dae";
    position = "-397.27667236328125 439.13494873046875 33.0415153503418";
    rotationMatrix = "-0.7198745608329773 0.692985475063324 0.039392583072185516 -0.6921133399009705 -0.7209482192993164 0.03482560068368912 0.052533648908138275 -0.0021940674632787704 0.9986167550086975";
    scale = "1.0 1.0 1.0";
    decalType = "Collision Mesh";
    collisionType = "Collision Mesh";
  };

  new TSStatic() {
    shapeName = "levels/hirochi_raceway/art/shapes/buildings/hr_plasticbarrier.dae";
    position = "-403.39398193359375 445.1910705566406 33.38705062866211";
    rotationMatrix = "-0.6918480396270752 0.7211869359016418 0.035151612013578415 -0.7208991050720215 -0.6926722526550293 0.022575033828616142 0.04062936455011368 -0.00972227193415165 0.9991269707679749";
    scale = "1.0 1.0 1.0";
    decalType = "Collision Mesh";
    collisionType = "Collision Mesh";
  };

  new TSStatic() {
    shapeName = "levels/hirochi_raceway/art/shapes/buildings/hr_plasticbarrier.dae";
    position = "-401.37921142578125 443.1490173339844 33.28208541870117";
    rotationMatrix = "-0.7081711292266846 0.7049965858459473 0.0383855476975441 -0.704528272151947 -0.7091656923294067 0.026906002312898636 0.046190351247787476 -0.007989650592207909 0.9989007115364075";
    scale = "1.0 1.0 1.0";
    decalType = "Collision Mesh";
    collisionType = "Collision Mesh";
  };

  new TSStatic() {
    shapeName = "levels/hirochi_raceway/art/shapes/buildings/hr_plasticbarrier.dae";
    position = "-399.33978271484375 441.1414489746094 33.15970993041992";
    rotationMatrix = "-0.7097411155700684 0.7032684087753296 0.04100124165415764 -0.7025390267372131 -0.7109014391899109 0.03252803534269333 0.05202377960085869 -0.0057184891775250435 0.9986294507980347";
    scale = "1.0 1.0 1.0";
    decalType = "Collision Mesh";
    collisionType = "Collision Mesh";
  };

  new TSStatic() {
    shapeName = "levels/hirochi_raceway/art/shapes/buildings/hr_plasticbarrier.dae";
    position = "-405.4132080078125 447.2640075683594 33.466068267822266";
    rotationMatrix = "-0.6925418972969055 0.7210456728935242 0.021882249042391777 -0.7211732864379883 -0.6927490830421448 0.002788010984659195 0.01716919243335724 -0.013850078918039799 0.9997566938400269";
    scale = "1.0 1.0 1.0";
    decalType = "Collision Mesh";
    collisionType = "Collision Mesh";
  };

  new TSStatic() {
    shapeName = "levels/hirochi_raceway/art/shapes/buildings/hr_plasticbarrier.dae";
    position = "-407.4033203125 449.32061767578125 33.5158805847168";
    rotationMatrix = "-0.6904287934303284 0.7231190800666809 0.020170601084828377 -0.7233961224555969 -0.690251886844635 -0.01582387089729309 0.0024802510160952806 -0.025516590103507042 0.9996713399887085";
    scale = "1.0 1.0 1.0";
    decalType = "Collision Mesh";
    collisionType = "Collision Mesh";
  };

  new TSStatic() {
    shapeName = "levels/hirochi_raceway/art/shapes/buildings/hr_plasticbarrier.dae";
    position = "-409.36761474609375 451.4111328125 33.56309127807617";
    rotationMatrix = "-0.673700749874115 0.738813042640686 0.01680898480117321 -0.7388314604759216 -0.6728772521018982 -0.03693605586886406 -0.015978457406163216 -0.037302855402231216 0.9991762638092041";
    scale = "1.0 1.0 1.0";
    decalType = "Collision Mesh";
    collisionType = "Collision Mesh";
  };

  new TSStatic() {
    shapeName = "levels/hirochi_raceway/art/shapes/buildings/hr_plasticbarrier.dae";
    position = "-415.1581115722656 457.75848388671875 33.66582489013672";
    rotationMatrix = "-0.6565977931022644 0.7540983557701111 0.014661782421171665 -0.7520880103111267 -0.6531322598457336 -0.08821482956409454 -0.05694657564163208 -0.06894861161708832 0.9959935545921326";
    scale = "1.0 1.0 1.0";
    decalType = "Collision Mesh";
    collisionType = "Collision Mesh";
  };

  new TSStatic() {
    shapeName = "levels/hirochi_raceway/art/shapes/buildings/hr_plasticbarrier.dae";
    position = "-413.2456970214844 455.620361328125 33.62157440185547";
    rotationMatrix = "-0.6727274060249329 0.739743173122406 0.01476132683455944 -0.7385612726211548 -0.6701898574829102 -0.07329922169446945 -0.04432970657944679 -0.06021253764629364 0.9972007274627686";
    scale = "1.0 1.0 1.0";
    decalType = "Collision Mesh";
    collisionType = "Collision Mesh";
  };

  new TSStatic() {
    shapeName = "levels/hirochi_raceway/art/shapes/buildings/hr_plasticbarrier.dae";
    position = "-411.3066101074219 453.51556396484375 33.603759765625";
    rotationMatrix = "-0.6744707226753235 0.7381389141082764 0.015496468171477318 -0.7376810312271118 -0.6728949546813965 -0.05512797832489014 -0.030264612287282944 -0.04861366003751755 0.9983590245246887";
    scale = "1.0 1.0 1.0";
    decalType = "Collision Mesh";
    collisionType = "Collision Mesh";
  };

  new TSStatic() {
    shapeName = "levels/hirochi_raceway/art/shapes/buildings/hr_plasticbarrier.dae";
    position = "-175.15884399414062 205.7397003173828 32.01686096191406";
    rotationMatrix = "-0.4145648777484894 0.9099943041801453 -0.006803377065807581 -0.9100107550621033 -0.41458243131637573 -0.0013495797757059336 -0.004048670642077923 0.005631658248603344 0.9999759197235107";
    scale = "1.0 1.0 1.0";
    decalType = "Collision Mesh";
    collisionType = "Collision Mesh";
  };

  new TSStatic() {
    shapeName = "levels/hirochi_raceway/art/shapes/buildings/hr_plasticbarrier.dae";
    position = "-176.3574981689453 208.3384246826172 32.017208099365234";
    rotationMatrix = "-0.4126366972923279 0.9108856320381165 0.00428610248491168 -0.9108941555023193 -0.4126400053501129 -0.00011920975521206856 0.0016600309172645211 -0.003953375853598118 0.9999908208847046";
    scale = "1.0 1.0 1.0";
    decalType = "Collision Mesh";
    collisionType = "Collision Mesh";
  };

  new TSStatic() {
    shapeName = "levels/hirochi_raceway/art/shapes/buildings/hr_plasticbarrier.dae";
    position = "-177.52066040039062 210.9606475830078 32.002525329589844";
    rotationMatrix = "-0.39260587096214294 0.9197067618370056 -0.00038741526077501476 -0.9197052717208862 -0.3926059603691101 -0.0016707292525097728 -0.0016886824741959572 -0.00029963027918711305 0.9999985098838806";
    scale = "1.0 1.0 1.0";
    decalType = "Collision Mesh";
    collisionType = "Collision Mesh";
  };

  new TSStatic() {
    shapeName = "levels/hirochi_raceway/art/shapes/buildings/hr_plasticbarrier.dae";
    position = "-173.96005249023438 203.141357421875 32.02634811401367";
    rotationMatrix = "-0.4138171076774597 0.9103476405143738 -0.004756472073495388 -0.9103465676307678 -0.41383373737335205 -0.0032751099206507206 -0.004949877038598061 0.0029747418593615294 0.9999833106994629";
    scale = "1.0 1.0 1.0";
    decalType = "Collision Mesh";
    collisionType = "Collision Mesh";
  };

  new TSStatic() {
    shapeName = "levels/hirochi_raceway/art/shapes/buildings/hr_plasticbarrier.dae";
    position = "-172.73292541503906 200.5484619140625 32.034358978271484";
    rotationMatrix = "-0.43482357263565063 0.900515615940094 -0.00035472214221954346 -0.900513768196106 -0.4348234236240387 -0.0018779310630634427 -0.0018453476950526237 -0.0004971364978700876 0.999998152256012";
    scale = "1.0 1.0 1.0";
    decalType = "Collision Mesh";
    collisionType = "Collision Mesh";
  };

  new TSStatic() {
    shapeName = "levels/hirochi_raceway/art/shapes/buildings/hr_plasticbarrier.dae";
    position = "-171.47085571289062 197.9800262451172 32.034725189208984";
    rotationMatrix = "-0.43766313791275024 0.8991345167160034 0.002851314377039671 -0.8991389870643616 -0.4376615881919861 -0.0011742532951757312 0.00019209922174923122 -0.0030776553321629763 0.999995231628418";
    scale = "1.0 1.0 1.0";
    decalType = "Collision Mesh";
    collisionType = "Collision Mesh";
  };

  new TSStatic() {
    shapeName = "levels/hirochi_raceway/art/shapes/buildings/hr_plasticbarrier.dae";
    position = "-167.5719757080078 190.28768920898438 31.999189376831055";
    rotationMatrix = "-0.4603801965713501 0.8877205848693848 0.001485116663388908 -0.88771653175354 -0.4603825807571411 0.002694755559787154 0.003075911896303296 -7.775053381919861e-05 0.9999952912330627";
    scale = "1.0 1.0 1.0";
    decalType = "Collision Mesh";
    collisionType = "Collision Mesh";
  };

  new TSStatic() {
    shapeName = "levels/hirochi_raceway/art/shapes/buildings/hr_plasticbarrier.dae";
    position = "-168.89608764648438 192.82472229003906 32.02347183227539";
    rotationMatrix = "-0.4580591022968292 0.8889208436012268 0.0012483892496675253 -0.888915479183197 -0.4580501616001129 -0.004389593843370676 -0.0033301766961812973 -0.0031204060651361942 0.9999895691871643";
    scale = "1.0 1.0 1.0";
    decalType = "Collision Mesh";
    collisionType = "Collision Mesh";
  };

  new TSStatic() {
    shapeName = "levels/hirochi_raceway/art/shapes/buildings/hr_plasticbarrier.dae";
    position = "-170.18603515625 195.3869171142578 32.02780532836914";
    rotationMatrix = "-0.4374125003814697 0.8992608189582825 0.0005317404866218567 -0.8992566466331482 -0.4374085068702698 -0.003359387395903468 -0.00278837769292295 -0.0019476092420518398 0.9999942183494568";
    scale = "1.0 1.0 1.0";
    decalType = "Collision Mesh";
    collisionType = "Collision Mesh";
  };

  new TSStatic() {
    shapeName = "levels/hirochi_raceway/art/shapes/buildings/hr_plasticbarrier.dae";
    position = "-166.22508239746094 187.7445068359375 31.99520492553711";
    rotationMatrix = "-0.47317615151405334 0.8809657096862793 0.0019433348206803203 -0.8809589147567749 -0.4731801450252533 0.0034613164607435465 0.003968848381191492 -7.418569293804467e-05 0.9999921321868896";
    scale = "1.0 1.0 1.0";
    decalType = "Collision Mesh";
    collisionType = "Collision Mesh";
  };

  new TSStatic() {
    shapeName = "levels/hirochi_raceway/art/shapes/buildings/hr_plasticbarrier.dae";
    position = "-164.83346557617188 185.23611450195312 31.992544174194336";
    rotationMatrix = "-0.49330368638038635 0.8698509335517883 0.003290347522124648 -0.8698568940162659 -0.49330297112464905 -0.0010785311460494995 0.0006849768105894327 -0.0033941748552024364 0.9999939799308777";
    scale = "1.0 1.0 1.0";
    decalType = "Collision Mesh";
    collisionType = "Collision Mesh";
  };

  new TSStatic() {
    shapeName = "levels/hirochi_raceway/art/shapes/buildings/hr_plasticbarrier.dae";
    position = "-163.40843200683594 182.75436401367188 31.986736297607422";
    rotationMatrix = "-0.4959074556827545 0.8683752417564392 -0.00045589354704134166 -0.8683753609657288 -0.4959074854850769 6.151199340820312e-05 -0.00017266553186345845 0.0004263909941073507 0.9999998807907104";
    scale = "1.0 1.0 1.0";
    decalType = "Collision Mesh";
    collisionType = "Collision Mesh";
  };

  new TSStatic() {
    shapeName = "levels/hirochi_raceway/art/shapes/buildings/hr_plasticbarrier.dae";
    position = "268.1434326171875 -264.8578796386719 47.728736877441406";
    rotationMatrix = "0.424418181180954 -0.9006239771842957 -0.0935181975364685 0.9019277691841125 0.4296207129955292 -0.04418559372425079 0.07997196167707443 -0.06559348851442337 0.994636595249176";
    scale = "1.0 1.0 1.0";
    decalType = "Collision Mesh";
    collisionType = "Collision Mesh";
  };

  new TSStatic() {
    shapeName = "levels/hirochi_raceway/art/shapes/buildings/hr_plasticbarrier.dae";
    position = "266.8911437988281 -262.277099609375 47.98719024658203";
    rotationMatrix = "0.4453958570957184 -0.8910885453224182 -0.08708439022302628 0.8903880715370178 0.45104455947875977 -0.06138293817639351 0.09397657215595245 -0.050199199467897415 0.9943079948425293";
    scale = "1.0 1.0 1.0";
    decalType = "Collision Mesh";
    collisionType = "Collision Mesh";
  };

  new TSStatic() {
    shapeName = "levels/hirochi_raceway/art/shapes/buildings/hr_plasticbarrier.dae";
    position = "265.6041564941406 -259.720947265625 48.23088073730469";
    rotationMatrix = "0.4478966295719147 -0.8901488184928894 -0.08380772173404694 0.8901603817939758 0.45274049043655396 -0.05138592794537544 0.0836842730641365 -0.051586735993623734 0.9951561689376831";
    scale = "1.0 1.0 1.0";
    decalType = "Collision Mesh";
    collisionType = "Collision Mesh";
  };

  new TSStatic() {
    shapeName = "levels/hirochi_raceway/art/shapes/buildings/hr_plasticbarrier.dae";
    position = "269.3902282714844 -267.4695129394531 47.493858337402344";
    rotationMatrix = "0.42486637830734253 -0.9011325836181641 -0.0863051563501358 0.9029954671859741 0.42860835790634155 -0.029900316148996353 0.06393526494503021 -0.06522952765226364 0.9958199858665466";
    scale = "1.0 1.0 1.0";
    decalType = "Collision Mesh";
    collisionType = "Collision Mesh";
  };

  new TSStatic() {
    shapeName = "levels/hirochi_raceway/art/shapes/buildings/hr_plasticbarrier.dae";
    position = "270.61468505859375 -270.05609130859375 47.25936508178711";
    rotationMatrix = "0.42287588119506836 -0.9029443860054016 -0.07659871131181717 0.9046958088874817 0.4255170226097107 -0.021464604884386063 0.051975399255752563 -0.06022166833281517 0.996830940246582";
    scale = "1.0 1.0 1.0";
    decalType = "Collision Mesh";
    collisionType = "Collision Mesh";
  };

  new TSStatic() {
    shapeName = "levels/hirochi_raceway/art/shapes/buildings/hr_plasticbarrier.dae";
    position = "271.8036804199219 -272.6666564941406 47.018028259277344";
    rotationMatrix = "0.4023483693599701 -0.9123784899711609 -0.0753745436668396 0.9146661758422852 0.4041078984737396 -0.009086529724299908 0.038749802857637405 -0.06528659909963608 0.9971138834953308";
    scale = "1.0 1.0 1.0";
    decalType = "Collision Mesh";
    collisionType = "Collision Mesh";
  };

  new TSStatic() {
    shapeName = "levels/hirochi_raceway/art/shapes/buildings/hr_plasticbarrier.dae";
    position = "300.42755126953125 -268.759033203125 46.12698745727539";
    rotationMatrix = "0.6521642804145813 -0.7531498074531555 -0.08629666268825531 0.7575178742408752 0.6518203616142273 0.036011744290590286 0.029127681627869606 -0.08885683119297028 0.9956184029579163";
    scale = "1.0 1.0 1.0";
    decalType = "Collision Mesh";
    collisionType = "Collision Mesh";
  };

  new TSStatic() {
    shapeName = "levels/hirochi_raceway/art/shapes/buildings/hr_plasticbarrier.dae";
    position = "302.30352783203125 -270.9201965332031 45.85786056518555";
    rotationMatrix = "0.6499277949333191 -0.754500150680542 -0.09123275429010391 0.7591314911842346 0.6502180099487305 0.030592991039156914 0.036238763481378555 -0.0891408920288086 0.9953595399856567";
    scale = "1.0 1.0 1.0";
    decalType = "Collision Mesh";
    collisionType = "Collision Mesh";
  };

  new TSStatic() {
    shapeName = "levels/hirochi_raceway/art/shapes/buildings/hr_plasticbarrier.dae";
    position = "304.15203857421875 -273.1138610839844 45.5726318359375";
    rotationMatrix = "0.6322948336601257 -0.7684345841407776 -0.09854729473590851 0.7733719348907471 0.6335834860801697 0.021630270406603813 0.045816488564014435 -0.08989042043685913 0.9948972463607788";
    scale = "1.0 1.0 1.0";
    decalType = "Collision Mesh";
    collisionType = "Collision Mesh";
  };

  new TSStatic() {
    shapeName = "levels/hirochi_raceway/art/shapes/buildings/hr_plasticbarrier.dae";
    position = "298.551513671875 -266.59820556640625 46.39204025268555";
    rotationMatrix = "0.6517221927642822 -0.7540637254714966 -0.08152381330728531 0.7579777240753174 0.651360034942627 0.0346391499042511 0.026981230825185776 -0.08436834067106247 0.9960692524909973";
    scale = "1.0 1.0 1.0";
    decalType = "Collision Mesh";
    collisionType = "Collision Mesh";
  };

  new TSStatic() {
    shapeName = "levels/hirochi_raceway/art/shapes/buildings/hr_plasticbarrier.dae";
    position = "296.64984130859375 -264.4505310058594 46.62983322143555";
    rotationMatrix = "0.6686505675315857 -0.7392112016677856 -0.08045616745948792 0.7429219484329224 0.668679416179657 0.030574345961213112 0.03119848109781742 -0.08021620661020279 0.9962891340255737";
    scale = "1.0 1.0 1.0";
    decalType = "Collision Mesh";
    collisionType = "Collision Mesh";
  };

  new TSStatic() {
    shapeName = "levels/hirochi_raceway/art/shapes/buildings/hr_plasticbarrier.dae";
    position = "294.72137451171875 -262.3360900878906 46.852298736572266";
    rotationMatrix = "0.6709731221199036 -0.7379511594772339 -0.07227141410112381 0.7409714460372925 0.6709341406822205 0.028438258916139603 0.02750331163406372 -0.07263235747814178 0.9969794750213623";
    scale = "1.0 1.0 1.0";
    decalType = "Collision Mesh";
    collisionType = "Collision Mesh";
  };

  new TSStatic() {
    shapeName = "levels/hirochi_raceway/art/shapes/buildings/hr_plasticbarrier.dae";
    position = "288.83148193359375 -256.03668212890625 47.34599304199219";
    rotationMatrix = "0.6908652186393738 -0.7211683392524719 -0.051200270652770996 0.7227630019187927 0.6906696557998657 0.024271629750728607 0.017858542501926422 -0.05377408489584923 0.9983934164047241";
    scale = "1.0 1.0 1.0";
    decalType = "Collision Mesh";
    collisionType = "Collision Mesh";
  };

  new TSStatic() {
    shapeName = "levels/hirochi_raceway/art/shapes/buildings/hr_plasticbarrier.dae";
    position = "290.810791015625 -258.1036376953125 47.219905853271484";
    rotationMatrix = "0.6887243986129761 -0.7227833271026611 -0.05694685876369476 0.7248467803001404 0.6881622672080994 0.032090961933135986 0.015993867069482803 -0.06337957829236984 0.9978613257408142";
    scale = "1.0 1.0 1.0";
    decalType = "Collision Mesh";
    collisionType = "Collision Mesh";
  };

  new TSStatic() {
    shapeName = "levels/hirochi_raceway/art/shapes/buildings/hr_plasticbarrier.dae";
    position = "292.76422119140625 -260.2043151855469 47.04688262939453";
    rotationMatrix = "0.6714141368865967 -0.7384333610534668 -0.06260361522436142 0.7408412098884583 0.6709513068199158 0.031283292919397354 0.018903346732258797 -0.06738338619470596 0.9975480437278748";
    scale = "1.0 1.0 1.0";
    decalType = "Collision Mesh";
    collisionType = "Collision Mesh";
  };

  new TSStatic() {
    shapeName = "levels/hirochi_raceway/art/shapes/buildings/hr_plasticbarrier.dae";
    position = "401.02337646484375 -79.47694396972656 29.4160099029541";
    rotationMatrix = "-0.2083495408296585 -0.9748837947845459 0.07868947088718414 0.9765774011611938 -0.20294053852558136 0.0714964047074318 -0.05373140051960945 0.09174259752035141 0.9943320751190186";
    scale = "1.0 1.0 1.0";
    decalType = "Collision Mesh";
    collisionType = "Collision Mesh";
  };

  new TSStatic() {
    shapeName = "levels/hirochi_raceway/art/shapes/buildings/hr_plasticbarrier.dae";
    position = "400.43988037109375 -82.27859497070312 29.684988021850586";
    rotationMatrix = "-0.21173882484436035 -0.9724366664886475 0.09764014184474945 0.975682258605957 -0.2045326679944992 0.07880718261003494 -0.056664396077394485 0.1119522899389267 0.9920966625213623";
    scale = "1.0 1.0 1.0";
    decalType = "Collision Mesh";
    collisionType = "Collision Mesh";
  };

  new TSStatic() {
    shapeName = "levels/hirochi_raceway/art/shapes/buildings/hr_plasticbarrier.dae";
    position = "399.81365966796875 -85.07797241210938 29.98023796081543";
    rotationMatrix = "-0.23418493568897247 -0.9666894674301147 0.10329034179449081 0.9709784388542175 -0.22726167738437653 0.074518583714962 -0.04856239631772041 0.11774381995201111 0.9918558597564697";
    scale = "1.0 1.0 1.0";
    decalType = "Collision Mesh";
    collisionType = "Collision Mesh";
  };

  new TSStatic() {
    shapeName = "levels/hirochi_raceway/art/shapes/buildings/hr_plasticbarrier.dae";
    position = "397.69732666015625 -93.42164611816406 30.79710578918457";
    rotationMatrix = "-0.2693019211292267 -0.9591792821884155 0.08632287383079529 0.9627726674079895 -0.27031248807907104 -1.8626453311298974e-05 0.023352015763521194 0.08310429006814957 0.9962671995162964";
    scale = "1.0 1.0 1.0";
    decalType = "Collision Mesh";
    collisionType = "Collision Mesh";
  };

  new TSStatic() {
    shapeName = "levels/hirochi_raceway/art/shapes/buildings/hr_plasticbarrier.dae";
    position = "398.43524169921875 -90.64959716796875 30.55437660217285";
    rotationMatrix = "-0.247397318482399 -0.9649964570999146 0.08704271167516708 0.9688276648521423 -0.24757499992847443 0.008919370360672474 0.012942439876496792 0.08653602004051208 0.9961646795272827";
    scale = "1.0 1.0 1.0";
    decalType = "Collision Mesh";
    collisionType = "Collision Mesh";
  };

  new TSStatic() {
    shapeName = "levels/hirochi_raceway/art/shapes/buildings/hr_plasticbarrier.dae";
    position = "399.13092041015625 -87.87364196777344 30.29014778137207";
    rotationMatrix = "-0.24662664532661438 -0.9644063115119934 0.09537186473608017 0.9689205288887024 -0.24343256652355194 0.04397237300872803 -0.01919061690568924 0.10325251519680023 0.9944700002670288";
    scale = "1.0 1.0 1.0";
    decalType = "Collision Mesh";
    collisionType = "Collision Mesh";
  };

  new TSStatic() {
    shapeName = "levels/hirochi_raceway/art/shapes/buildings/hr_plasticbarrier.dae";
    position = "396.93499755859375 -96.21339416503906 31.042343139648438";
    rotationMatrix = "-0.269098162651062 -0.9594449400901794 0.08397407084703445 0.962795615196228 -0.27022242546081543 -0.0021078363060951233 0.0247140284627676 0.08028265088796616 0.9964656829833984";
    scale = "1.0 1.0 1.0";
    decalType = "Collision Mesh";
    collisionType = "Collision Mesh";
  };

  new TSStatic() {
    shapeName = "levels/hirochi_raceway/art/shapes/buildings/hr_plasticbarrier.dae";
    position = "396.17205810546875 -98.97157287597656 31.292043685913086";
    rotationMatrix = "-0.272106409072876 -0.9580280184745789 0.09022404253482819 0.9619964957237244 -0.27305519580841064 0.0018939375877380371 0.02282169833779335 0.08731056749820709 0.9959197044372559";
    scale = "1.0 1.0 1.0";
    decalType = "Collision Mesh";
    collisionType = "Collision Mesh";
  };

  new TSStatic() {
    shapeName = "levels/hirochi_raceway/art/shapes/buildings/hr_plasticbarrier.dae";
    position = "395.36676025390625 -101.72480773925781 31.550241470336914";
    rotationMatrix = "-0.2943306863307953 -0.9513330459594727 0.09129565954208374 0.9554599523544312 -0.29506707191467285 0.005631348583847284 0.021581055596470833 0.08888682723045349 0.9958078861236572";
    scale = "1.0 1.0 1.0";
    decalType = "Collision Mesh";
    collisionType = "Collision Mesh";
  };

  new TSStatic() {
    shapeName = "levels/hirochi_raceway/art/shapes/buildings/hr_plasticbarrier.dae";
    position = "392.83367919921875 -109.93472290039062 32.34012985229492";
    rotationMatrix = "-0.3164788484573364 -0.9446277022361755 0.08671583235263824 0.9483327865600586 -0.3172329366207123 0.005307317245751619 0.022495679557323456 0.08391512185335159 0.9962189793586731";
    scale = "1.0 1.0 1.0";
    decalType = "Collision Mesh";
    collisionType = "Collision Mesh";
  };

  new TSStatic() {
    shapeName = "levels/hirochi_raceway/art/shapes/buildings/hr_plasticbarrier.dae";
    position = "393.70623779296875 -107.20204162597656 32.07459259033203";
    rotationMatrix = "-0.2956112027168274 -0.950867772102356 0.09200272709131241 0.9550265669822693 -0.29648929834365845 0.0042870789766311646 0.02320137806236744 0.08913235366344452 0.9957495331764221";
    scale = "1.0 1.0 1.0";
    decalType = "Collision Mesh";
    collisionType = "Collision Mesh";
  };

  new TSStatic() {
    shapeName = "levels/hirochi_raceway/art/shapes/buildings/hr_plasticbarrier.dae";
    position = "394.53668212890625 -104.46336364746094 31.815872192382812";
    rotationMatrix = "-0.2935090661048889 -0.9513629674911499 0.09359956532716751 0.9556657075881958 -0.2944239675998688 0.004193051252514124 0.02356884256005287 0.09068059176206589 0.9956011176109314";
    scale = "1.0 1.0 1.0";
    decalType = "Collision Mesh";
    collisionType = "Collision Mesh";
  };

  new TSStatic() {
    shapeName = "levels/hirochi_raceway/art/shapes/buildings/hr_plasticbarrier.dae";
    position = "438.9761962890625 -25.910232543945312 28.56056022644043";
    rotationMatrix = "0.7987685203552246 -0.5992352962493896 0.05372054874897003 0.5954578518867493 0.8001708388328552 0.07180952280759811 -0.08601641654968262 -0.02537086419761181 0.995970606803894";
    scale = "1.0 1.0 1.0";
    decalType = "Collision Mesh";
    collisionType = "Collision Mesh";
  };

  new TSStatic() {
    shapeName = "levels/hirochi_raceway/art/shapes/buildings/hr_plasticbarrier.dae";
    position = "441.26910400390625 -27.622608184814453 28.695615768432617";
    rotationMatrix = "0.7974257469177246 -0.6009564399719238 0.05443841964006424 0.597713828086853 0.7990422248840332 0.06534271687269211 -0.08276671916246414 -0.019567366689443588 0.9963768124580383";
    scale = "1.0 1.0 1.0";
    decalType = "Collision Mesh";
    collisionType = "Collision Mesh";
  };

  new TSStatic() {
    shapeName = "levels/hirochi_raceway/art/shapes/buildings/hr_plasticbarrier.dae";
    position = "436.61590576171875 -24.199893951416016 28.391746520996094";
    rotationMatrix = "0.8182989358901978 -0.5717015266418457 0.05953332409262657 0.5675153136253357 0.820022463798523 0.07409138232469559 -0.09117681533098221 -0.02684282511472702 0.9954728484153748";
    scale = "1.0 1.0 1.0";
    decalType = "Collision Mesh";
    collisionType = "Collision Mesh";
  };

  new TSStatic() {
    shapeName = "levels/hirochi_raceway/art/shapes/buildings/hr_plasticbarrier.dae";
    position = "429.52081298828125 -19.130298614501953 27.764188766479492";
    rotationMatrix = "0.8225056529045105 -0.5634254813194275 0.07769256085157394 0.5574561357498169 0.8257013559341431 0.08637066930532455 -0.1128142923116684 -0.027730168774724007 0.99322909116745";
    scale = "1.0 1.0 1.0";
    decalType = "Collision Mesh";
    collisionType = "Collision Mesh";
  };

  new TSStatic() {
    shapeName = "levels/hirochi_raceway/art/shapes/buildings/hr_plasticbarrier.dae";
    position = "434.21038818359375 -22.503047943115234 28.200613021850586";
    rotationMatrix = "0.8026825785636902 -0.5926896333694458 0.06648082286119461 0.5873941779136658 0.8049314022064209 0.08398544043302536 -0.10328980535268784 -0.028363199904561043 0.9942468404769897";
    scale = "1.0 1.0 1.0";
    decalType = "Collision Mesh";
    collisionType = "Collision Mesh";
  };

  new TSStatic() {
    shapeName = "levels/hirochi_raceway/art/shapes/buildings/hr_plasticbarrier.dae";
    position = "431.8992919921875 -20.815296173095703 28.00163459777832";
    rotationMatrix = "0.803604006767273 -0.5910810828208923 0.06959699839353561 0.5857036709785461 0.8061715364456177 0.08389674127101898 -0.105696901679039 -0.026656541973352432 0.9940410256385803";
    scale = "1.0 1.0 1.0";
    decalType = "Collision Mesh";
    collisionType = "Collision Mesh";
  };

  new TSStatic() {
    shapeName = "levels/hirochi_raceway/art/shapes/buildings/hr_plasticbarrier.dae";
    position = "250.02252197265625 109.14666748046875 25.023086547851562";
    rotationMatrix = "0.607805609703064 -0.7940837740898132 -0.0018202479695901275 0.7940853834152222 0.6078061461448669 0.0003140210174024105 0.0008569989586248994 -0.0016362960450351238 0.9999982714653015";
    scale = "1.0 1.0 1.0";
    decalType = "Collision Mesh";
    collisionType = "Collision Mesh";
  };

  new TSStatic() {
    shapeName = "levels/hirochi_raceway/art/shapes/buildings/hr_plasticbarrier.dae";
    position = "248.2554931640625 111.40646362304688 25.030851364135742";
    rotationMatrix = "0.625751256942749 -0.780012309551239 -0.004016310907900333 0.7800226807594299 0.6257429718971252 0.0032137339003384113 6.4262949308613315e-06 -0.005143811460584402 0.9999867677688599";
    scale = "1.0 1.0 1.0";
    decalType = "Collision Mesh";
    collisionType = "Collision Mesh";
  };

  new TSStatic() {
    shapeName = "levels/hirochi_raceway/art/shapes/buildings/hr_plasticbarrier.dae";
    position = "244.48687744140625 115.74276733398438 25.06414031982422";
