//--- OBJECT WRITE BEGIN ---
$ThisPrefab = new SimGroup() {
  canSave = "1";
  canSaveDynamicFields = "1";
  groupPosition = "0 0 0";

  new TSStatic() {
    shapeName = "levels/hirochi_raceway/art/shapes/buildings/hr_plasticbarrier_red.dae";
    position = "438.71258544921875 101.64201354980469 25.246232986450195";
    rotationMatrix = "0.6506156325340271 -0.7591608762741089 0.019342033192515373 0.758489191532135 0.6508702635765076 0.03258794546127319 -0.03732864931225777 -0.006531502585858107 0.9992817044258118";
    scale = "1.0 1.0 1.0";
    decalType = "Collision Mesh";
    collisionType = "Collision Mesh";
  };

  new TSStatic() {
    shapeName = "levels/hirochi_raceway/art/shapes/buildings/hr_plasticbarrier_red.dae";
    position = "440.57012939453125 99.44363403320312 25.31879234313965";
    rotationMatrix = "0.6390141844749451 -0.7687249779701233 0.026883991435170174 0.7673368453979492 0.6395089626312256 0.04714248329401016 -0.0534321591258049 -0.009495639242231846 0.9985263347625732";
    scale = "1.0 1.0 1.0";
    decalType = "Collision Mesh";
    collisionType = "Collision Mesh";
  };

  new TSStatic() {
    shapeName = "levels/hirochi_raceway/art/shapes/buildings/hr_plasticbarrier_red.dae";
    position = "431.24896240234375 -100.83349609375 31.306337356567383";
    rotationMatrix = "-0.9512525796890259 -0.3076971769332886 0.020999206230044365 0.30837172269821167 -0.9478057622909546 0.08106206357479095 -0.005039398092776537 0.08358605951070786 0.9964877963066101";
    scale = "1.0 1.0 1.0";
    decalType = "Collision Mesh";
    collisionType = "Collision Mesh";
  };

  new TSStatic() {
    shapeName = "levels/hirochi_raceway/art/shapes/buildings/hr_plasticbarrier_red.dae";
    position = "433.99395751953125 -99.94172668457031 31.244110107421875";
    rotationMatrix = "-0.9485249519348145 -0.3160214126110077 0.020757069811224937 0.3166690766811371 -0.9454358220100403 0.07662735879421234 -0.004591406788676977 0.0792560800909996 0.996843695640564";
    scale = "1.0 1.0 1.0";
    decalType = "Collision Mesh";
    collisionType = "Collision Mesh";
  };

  new TSStatic() {
    shapeName = "levels/hirochi_raceway/art/shapes/buildings/hr_plasticbarrier_red.dae";
    position = "428.54290771484375 -101.70904541015625 31.37057876586914";
    rotationMatrix = "-0.9563891291618347 -0.2913314998149872 0.02111322432756424 0.2920760214328766 -0.9529874324798584 0.08066349476575851 -0.0033791817259043455 0.08331235498189926 0.9965177774429321";
    scale = "1.0 1.0 1.0";
    decalType = "Collision Mesh";
    collisionType = "Collision Mesh";
  };

  new TSStatic() {
    shapeName = "levels/hirochi_raceway/art/shapes/buildings/hr_plasticbarrier_red.dae";
    position = "436.71649169921875 -99.05960083007812 31.18072509765625";
    rotationMatrix = "-0.9487375020980835 -0.31521037220954895 0.023227490484714508 0.3160513937473297 -0.9454485774040222 0.0789843425154686 -0.0029362854547798634 0.08227648586034775 0.9966052174568176";
    scale = "1.0 1.0 1.0";
    decalType = "Collision Mesh";
    collisionType = "Collision Mesh";
  };

  new TSStatic() {
    shapeName = "levels/hirochi_raceway/art/shapes/buildings/hr_plasticbarrier_red.dae";
    position = "442.12249755859375 -97.1590576171875 31.053966522216797";
    rotationMatrix = "-0.9403862357139587 -0.3395020663738251 0.020300552248954773 0.34007492661476135 -0.9377789497375488 0.07014011591672897 -0.0047752815298736095 0.07286250591278076 0.9973305463790894";
    scale = "1.0 1.0 1.0";
    decalType = "Collision Mesh";
    collisionType = "Collision Mesh";
  };

  new TSStatic() {
    shapeName = "levels/hirochi_raceway/art/shapes/buildings/hr_plasticbarrier_red.dae";
    position = "439.40008544921875 -98.11796569824219 31.116315841674805";
    rotationMatrix = "-0.9432828426361084 -0.33128511905670166 0.0216263085603714 0.33196040987968445 -0.9403214454650879 0.07481889426708221 -0.00445070443674922 0.07775445282459259 0.9969626069068909";
    scale = "1.0 1.0 1.0";
    decalType = "Collision Mesh";
    collisionType = "Collision Mesh";
  };

  new TSStatic() {
    shapeName = "levels/hirochi_raceway/art/shapes/buildings/hr_plasticbarrier_red.dae";
    position = "414.48626708984375 -46.407108306884766 27.599515914916992";
    rotationMatrix = "-0.4057596027851105 -0.911628246307373 0.065521739423275 0.9137076139450073 -0.4028456211090088 0.05342050641775131 -0.022304493933916092 0.08154360204935074 0.99642014503479";
    scale = "1.0 1.0 1.0";
    decalType = "Collision Mesh";
    collisionType = "Collision Mesh";
  };

  new TSStatic() {
    shapeName = "levels/hirochi_raceway/art/shapes/buildings/hr_plasticbarrier_red.dae";
    position = "415.650634765625 -43.76602554321289 27.41547393798828";
    rotationMatrix = "-0.39795011281967163 -0.9148001670837402 0.06911109387874603 0.9166419506072998 -0.39341238141059875 0.07066967338323593 -0.03745947405695915 0.09147313237190247 0.9951027631759644";
    scale = "1.0 1.0 1.0";
    decalType = "Collision Mesh";
    collisionType = "Collision Mesh";
  };

  new TSStatic() {
    shapeName = "levels/hirochi_raceway/art/shapes/buildings/hr_plasticbarrier_red.dae";
    position = "413.33587646484375 -49.008182525634766 27.78786277770996";
    rotationMatrix = "-0.42052820324897766 -0.9046127796173096 0.06951097398996353 0.9071625471115112 -0.42046821117401123 0.016206350177526474 0.014566682279109955 0.06987297534942627 0.997449517250061";
    scale = "1.0 1.0 1.0";
    decalType = "Collision Mesh";
    collisionType = "Collision Mesh";
  };

  new TSStatic() {
    shapeName = "levels/hirochi_raceway/art/shapes/buildings/hr_plasticbarrier_red.dae";
    position = "416.80694580078125 -41.14834976196289 27.25558090209961";
    rotationMatrix = "-0.3981010913848877 -0.9160904884338379 0.04789343103766441 0.9155051708221436 -0.3934604227542877 0.08389987051486969 -0.05801570042967796 0.07724731415510178 0.995322585105896";
    scale = "1.0 1.0 1.0";
    decalType = "Collision Mesh";
    collisionType = "Collision Mesh";
  };

  new TSStatic() {
    shapeName = "levels/hirochi_raceway/art/shapes/buildings/hr_plasticbarrier_red.dae";
    position = "418.99237060546875 -35.85091781616211 27.12740135192871";
    rotationMatrix = "-0.37251636385917664 -0.9280139803886414 0.004646531771868467 0.9253027439117432 -0.3710354268550873 0.07840621471405029 -0.07103803753852844 0.03350704535841942 0.9969106912612915";
    scale = "1.0 1.0 1.0";
    decalType = "Collision Mesh";
    collisionType = "Collision Mesh";
  };

  new TSStatic() {
    shapeName = "levels/hirochi_raceway/art/shapes/buildings/hr_plasticbarrier_red.dae";
    position = "417.89324951171875 -38.51982498168945 27.148408889770508";
    rotationMatrix = "-0.38161349296569824 -0.9239492416381836 0.02624732255935669 0.9218590259552002 -0.37837159633636475 0.08373092114925385 -0.06743188202381134 0.056149180978536606 0.9961426854133606";
    scale = "1.0 1.0 1.0";
    decalType = "Collision Mesh";
    collisionType = "Collision Mesh";
  };

  new TSStatic() {
    shapeName = "levels/hirochi_raceway/art/shapes/buildings/hr_plasticbarrier_red.dae";
    position = "421.10980224609375 -30.518207550048828 27.136493682861328";
    rotationMatrix = "-0.35725584626197815 -0.9340009093284607 -0.0032572075724601746 0.9313548803329468 -0.3565019965171814 0.07405684143304825 -0.07033035904169083 0.02342362329363823 0.9972487092018127";
    scale = "1.0 1.0 1.0";
    decalType = "Collision Mesh";
    collisionType = "Collision Mesh";
  };

  new TSStatic() {
    shapeName = "levels/hirochi_raceway/art/shapes/buildings/hr_plasticbarrier_red.dae";
    position = "422.14373779296875 -27.823322296142578 27.149051666259766";
    rotationMatrix = "-0.34908610582351685 -0.9370816349983215 -0.004111014306545258 0.9345951080322266 -0.34847307205200195 0.0714041069149971 -0.06834405660629272 0.021084049716591835 0.9974390268325806";
    scale = "1.0 1.0 1.0";
    decalType = "Collision Mesh";
    collisionType = "Collision Mesh";
  };

  new TSStatic() {
    shapeName = "levels/hirochi_raceway/art/shapes/buildings/hr_plasticbarrier_red.dae";
    position = "420.08795166015625 -33.172428131103516 27.127790451049805";
    rotationMatrix = "-0.37273988127708435 -0.927933394908905 -0.0021517127752304077 0.9250820279121399 -0.37177422642707825 0.07750595360994339 -0.07272031903266907 0.026899049058556557 0.9969895482063293";
    scale = "1.0 1.0 1.0";
    decalType = "Collision Mesh";
    collisionType = "Collision Mesh";
  };

  new TSStatic() {
    shapeName = "levels/hirochi_raceway/art/shapes/buildings/hr_plasticbarrier_red.dae";
    position = "423.13958740234375 -25.123104095458984 27.169363021850586";
    rotationMatrix = "-0.3347955644130707 -0.9422696232795715 -0.006316288840025663 0.9396123290061951 -0.33434146642684937 0.07310565561056137 -0.07099702954292297 0.01854058727622032 0.9973042011260986";
    scale = "1.0 1.0 1.0";
    decalType = "Collision Mesh";
    collisionType = "Collision Mesh";
  };

  new TSStatic() {
    shapeName = "levels/hirochi_raceway/art/shapes/buildings/hr_plasticbarrier_red.dae";
    position = "424.97906494140625 -19.695907592773438 27.233640670776367";
    rotationMatrix = "-0.30751848220825195 -0.9508808255195618 -0.03546933829784393 0.9462116360664368 -0.3095232844352722 0.0942276269197464 -0.10057783126831055 -0.004584766458719969 0.9949186444282532";
    scale = "1.0 1.0 1.0";
    decalType = "Collision Mesh";
    collisionType = "Collision Mesh";
  };

  new TSStatic() {
    shapeName = "levels/hirochi_raceway/art/shapes/buildings/hr_plasticbarrier_red.dae";
    position = "424.05426025390625 -22.430042266845703 27.178926467895508";
    rotationMatrix = "-0.31860652565956116 -0.9478579163551331 -0.007433547638356686 0.9447469711303711 -0.3181791305541992 0.0788363516330719 -0.07709085941314697 0.018094955012202263 0.9968598484992981";
    scale = "1.0 1.0 1.0";
    decalType = "Collision Mesh";
    collisionType = "Collision Mesh";
  };

  new TSStatic() {
    shapeName = "levels/hirochi_raceway/art/shapes/buildings/hr_plasticbarrier_red.dae";
    position = "-364.267578125 155.87989807128906 25.216962814331055";
    rotationMatrix = "0.005841090343892574 -0.9978499412536621 0.06527917087078094 0.9968755841255188 0.0006681983941234648 -0.0789850503206253 0.07877160608768463 0.06553657352924347 0.9947361350059509";
    scale = "1.0 1.0 1.0";
    decalType = "Collision Mesh";
    collisionType = "Collision Mesh";
  };

  new TSStatic() {
    shapeName = "levels/hirochi_raceway/art/shapes/buildings/hr_plasticbarrier_red.dae";
    position = "-364.2766418457031 158.7664031982422 25.086074829101562";
    rotationMatrix = "0.013423582538962364 -0.999474287033081 0.029512977227568626 0.9988092184066772 0.01201845332980156 -0.047283049672842026 0.04690349102020264 0.03011254221200943 0.998445451259613";
    scale = "1.0 1.0 1.0";
    decalType = "Collision Mesh";
    collisionType = "Collision Mesh";
  };

  new TSStatic() {
    shapeName = "levels/hirochi_raceway/art/shapes/buildings/hr_plasticbarrier_red.dae";
    position = "-364.36248779296875 164.51390075683594 25.047304153442383";
    rotationMatrix = "0.025239834561944008 -0.9996810555458069 -0.0008358758059330285 0.999677836894989 0.025241972878575325 -0.0026550982147455215 0.002675350522622466 -0.0007685922901146114 0.9999961256980896";
    scale = "1.0 1.0 1.0";
    decalType = "Collision Mesh";
    collisionType = "Collision Mesh";
  };

  new TSStatic() {
    shapeName = "levels/hirochi_raceway/art/shapes/buildings/hr_plasticbarrier_red.dae";
    position = "-364.31732177734375 161.6277618408203 25.048660278320312";
    rotationMatrix = "0.015788618475198746 -0.9998708367347717 0.003014222951605916 0.9998340010643005 0.01576048508286476 -0.009139403700828552 0.009090716950595379 0.003158021252602339 0.9999536871910095";
    scale = "1.0 1.0 1.0";
    decalType = "Collision Mesh";
    collisionType = "Collision Mesh";
  };

  new TSStatic() {
    shapeName = "levels/hirochi_raceway/art/shapes/buildings/hr_plasticbarrier_red.dae";
    position = "-364.42559814453125 167.37962341308594 25.04370880126953";
    rotationMatrix = "0.029167432337999344 -0.9995713829994202 0.0025008092634379864 0.9995718002319336 0.02916143275797367 -0.0024034054949879646 0.002329448238015175 0.0025698395911604166 0.9999939799308777";
    scale = "1.0 1.0 1.0";
    decalType = "Collision Mesh";
    collisionType = "Collision Mesh";
  };

  new TSStatic() {
    shapeName = "levels/hirochi_raceway/art/shapes/buildings/hr_plasticbarrier_red.dae";
    position = "-364.5094299316406 170.264892578125 25.040876388549805";
    rotationMatrix = "0.03862437978386879 -0.9992530345916748 -0.0012415745295584202 0.9992433190345764 0.03862963616847992 -0.0045341793447732925 0.004578754305839539 -0.0010655052028596401 0.9999889731407166";
    scale = "1.0 1.0 1.0";
    decalType = "Collision Mesh";
    collisionType = "Collision Mesh";
  };

  new TSStatic() {
    shapeName = "levels/hirochi_raceway/art/shapes/buildings/hr_plasticbarrier_red.dae";
    position = "-364.8248291015625 176.00135803222656 25.054636001586914";
    rotationMatrix = "0.07466550916433334 -0.9972078204154968 0.0012823857832700014 0.9972019195556641 0.07466023415327072 -0.003762282431125641 0.0036560341250151396 0.0015597102465108037 0.9999920725822449";
    scale = "1.0 1.0 1.0";
    decalType = "Collision Mesh";
    collisionType = "Collision Mesh";
  };

  new TSStatic() {
    shapeName = "levels/hirochi_raceway/art/shapes/buildings/hr_plasticbarrier_red.dae";
    position = "-364.636962890625 173.12098693847656 25.03872299194336";
    rotationMatrix = "0.06523066759109497 -0.9978659152984619 0.0029352614656090736 0.9978348612785339 0.06520330160856247 -0.008611313998699188 0.008401547558605671 0.0034906279761344194 0.9999586343765259";
    scale = "1.0 1.0 1.0";
    decalType = "Collision Mesh";
    collisionType = "Collision Mesh";
  };

  new TSStatic() {
    shapeName = "levels/hirochi_raceway/art/shapes/buildings/hr_plasticbarrier_red.dae";
    position = "-365.030029296875 178.86260986328125 25.0458927154541";
    rotationMatrix = "0.06522364914417267 -0.9978645443916321 0.0034995409660041332 0.9978659749031067 0.0652121976017952 -0.0032919454388320446 0.0030567029025405645 0.0037067856173962355 0.9999884366989136";
    scale = "1.0 1.0 1.0";
    decalType = "Collision Mesh";
    collisionType = "Collision Mesh";
  };

  new TSStatic() {
    shapeName = "levels/hirochi_raceway/art/shapes/buildings/hr_plasticbarrier_red.dae";
    position = "-365.2178955078125 181.74298095703125 25.036781311035156";
    rotationMatrix = "0.07466670870780945 -0.9972079396247864 0.0011229902738705277 0.9971882700920105 0.07465796172618866 -0.0064648790284991264 0.006362988147884607 0.0016025439836084843 0.9999784827232361";
    scale = "1.0 1.0 1.0";
    decalType = "Collision Mesh";
    collisionType = "Collision Mesh";
  };

  new TSStatic() {
    shapeName = "levels/hirochi_raceway/art/shapes/buildings/hr_plasticbarrier_red.dae";
    position = "-365.6003112792969 187.49063110351562 25.0271053314209";
    rotationMatrix = "0.07465903460979462 -0.9972043633460999 -0.0030764276161789894 0.997205376625061 0.07466684281826019 -0.0025071215350180864 0.0027298196218907833 -0.0028806510381400585 0.9999921321868896";
    scale = "1.0 1.0 1.0";
    decalType = "Collision Mesh";
    collisionType = "Collision Mesh";
  };

  new TSStatic() {
    shapeName = "levels/hirochi_raceway/art/shapes/buildings/hr_plasticbarrier_red.dae";
    position = "-365.4124450683594 184.61026000976562 25.030614852905273";
    rotationMatrix = "0.06521838903427124 -0.9978700280189514 0.0014234274858608842 0.9978709816932678 0.06521813571453094 -0.00022431307297665626 0.00013100200158078223 0.0014350262936204672 0.9999989867210388";
    scale = "1.0 1.0 1.0";
    decalType = "Collision Mesh";
    collisionType = "Collision Mesh";
  };

  new TSStatic() {
    shapeName = "levels/hirochi_raceway/art/shapes/buildings/hr_plasticbarrier_red.dae";
    position = "-365.8041076660156 190.34536743164062 25.03238296508789";
    rotationMatrix = "0.06521693617105484 -0.9978678822517395 -0.002541341818869114 0.9978704452514648 0.06521962583065033 -0.0009910837979987264 0.0011547160102054477 -0.0024712944868952036 0.9999963045120239";
    scale = "1.0 1.0 1.0";
    decalType = "Collision Mesh";
    collisionType = "Collision Mesh";
  };

  new TSStatic() {
    shapeName = "levels/hirochi_raceway/art/shapes/buildings/hr_plasticbarrier_red.dae";
    position = "-365.9919738769531 193.2257537841797 25.029706954956055";
    rotationMatrix = "0.07466509938240051 -0.9971959590911865 0.005034768953919411 0.9972083568572998 0.07466033101081848 -0.0011281134793534875 0.0007490526768378913 0.005104944575577974 0.9999867081642151";
    scale = "1.0 1.0 1.0";
    decalType = "Collision Mesh";
    collisionType = "Collision Mesh";
  };

  new TSStatic() {
    shapeName = "levels/hirochi_raceway/art/shapes/buildings/hr_plasticbarrier_red.dae";
    position = "-366.4737854003906 198.95907592773438 25.02978515625";
    rotationMatrix = "0.09868371486663818 -0.9951187372207642 0.0005043162382207811 0.9951175451278687 0.0986843928694725 0.001563043100759387 -0.0016051816055551171 0.00034760701237246394 0.9999986290931702";
    scale = "1.0 1.0 1.0";
    decalType = "Collision Mesh";
    collisionType = "Collision Mesh";
  };

  new TSStatic() {
    shapeName = "levels/hirochi_raceway/art/shapes/buildings/hr_plasticbarrier_red.dae";
    position = "-366.2165222167969 196.08407592773438 25.02737045288086";
    rotationMatrix = "0.08925720304250717 -0.9960004091262817 -0.004046295769512653 0.996008574962616 0.0892578512430191 2.1288491552695632e-05 0.00033996033016592264 -0.004032045602798462 0.9999918341636658";
    scale = "1.0 1.0 1.0";
    decalType = "Collision Mesh";
    collisionType = "Collision Mesh";
  };

  new TSStatic() {
    shapeName = "levels/hirochi_raceway/art/shapes/buildings/hr_plasticbarrier_red.dae";
    position = "-366.7626037597656 201.8199462890625 25.030412673950195";
    rotationMatrix = "0.10199535638093948 -0.9947847723960876 -0.0004842019989155233 0.994778573513031 0.10199296474456787 0.0036080339923501015 -0.003539831843227148 -0.0008496764930896461 0.9999933838844299";
    scale = "1.0 1.0 1.0";
    decalType = "Collision Mesh";
    collisionType = "Collision Mesh";
  };

  new TSStatic() {
    shapeName = "levels/hirochi_raceway/art/shapes/buildings/hr_plasticbarrier_red.dae";
    position = "-367.056640625 204.69142150878906 25.034215927124023";
    rotationMatrix = "0.11141474545001984 -0.9937713146209717 -0.0023112879134714603 0.9937593340873718 0.11140017211437225 0.005689063109457493 -0.005396150052547455 -0.0029307096265256405 0.999981164932251";
    scale = "1.0 1.0 1.0";
    decalType = "Collision Mesh";
    collisionType = "Collision Mesh";
  };

  new TSStatic() {
    shapeName = "levels/hirochi_raceway/art/shapes/buildings/hr_plasticbarrier_red.dae";
    position = "-367.77783203125 210.400634765625 25.045936584472656";
    rotationMatrix = "0.14403323829174042 -0.9895718693733215 0.0014031497994437814 0.9895728230476379 0.1440335512161255 0.00012443774903658777 -0.0003252407186664641 0.001370595651678741 0.9999989867210388";
    scale = "1.0 1.0 1.0";
    decalType = "Collision Mesh";
    collisionType = "Collision Mesh";
  };

  new TSStatic() {
    shapeName = "levels/hirochi_raceway/art/shapes/buildings/hr_plasticbarrier_red.dae";
    position = "-367.3895263671875 207.54039001464844 25.043638229370117";
    rotationMatrix = "0.13467712700366974 -0.9908721446990967 -0.005870364606380463 0.9908676147460938 0.13463237881660461 0.007448728196322918 -0.006590396165847778 -0.006819927133619785 0.9999549984931946";
    scale = "1.0 1.0 1.0";
    decalType = "Collision Mesh";
    collisionType = "Collision Mesh";
  };

  new TSStatic() {
    shapeName = "levels/hirochi_raceway/art/shapes/buildings/hr_plasticbarrier_red.dae";
    position = "-368.2022705078125 213.27276611328125 25.04718017578125";
    rotationMatrix = "0.159424290060997 -0.9872094392776489 0.0011793124722316861 0.9872081279754639 0.1594262719154358 0.0018319531809538603 -0.001996534876525402 0.0008721689810045063 0.999997615814209";
    scale = "1.0 1.0 1.0";
    decalType = "Collision Mesh";
    collisionType = "Collision Mesh";
  };

  new TSStatic() {
    shapeName = "levels/hirochi_raceway/art/shapes/buildings/hr_plasticbarrier_red.dae";
    position = "-368.66204833984375 216.12237548828125 25.03978729248047";
    rotationMatrix = "0.1687631905078888 -0.9856469631195068 0.00436273543164134 0.985656201839447 0.16876566410064697 0.00020083150593563914 -0.0009342289413325489 0.004266264382749796 0.9999904632568359";
    scale = "1.0 1.0 1.0";
    decalType = "Collision Mesh";
    collisionType = "Collision Mesh";
  };

  new TSStatic() {
    shapeName = "levels/hirochi_raceway/art/shapes/buildings/hr_plasticbarrier_red.dae";
    position = "-369.5954895019531 221.79356384277344 25.005369186401367";
    rotationMatrix = "0.16876459121704102 -0.9856558442115784 0.0010419072350487113 0.9856553077697754 0.1687658727169037 0.0012856003595516086 -0.0014429978327825665 0.0008099976694211364 0.9999986290931702";
    scale = "1.0 1.0 1.0";
    decalType = "Collision Mesh";
    collisionType = "Collision Mesh";
  };

  new TSStatic() {
    shapeName = "levels/hirochi_raceway/art/shapes/buildings/hr_plasticbarrier_red.dae";
    position = "-369.13568115234375 218.94393920898438 25.03069305419922";
    rotationMatrix = "0.15942427515983582 -0.98720782995224 0.002142195822671056 0.9872094988822937 0.15942631661891937 0.0008201586897484958 -0.0011511894408613443 0.001984042814001441 0.9999973773956299";
    scale = "1.0 1.0 1.0";
    decalType = "Collision Mesh";
    collisionType = "Collision Mesh";
  };

  new TSStatic() {
    shapeName = "levels/hirochi_raceway/art/shapes/buildings/hr_plasticbarrier_red.dae";
    position = "-318.04534912109375 -96.57609558105469 36.598567962646484";
    rotationMatrix = "-0.012730177491903305 -0.9991141557693481 0.040110569447278976 0.9998981356620789 -0.012978537008166313 -0.005937556270509958 0.006452873349189758 0.04003089666366577 0.9991776347160339";
    scale = "1.0 1.0 1.0";
    decalType = "Collision Mesh";
    collisionType = "Collision Mesh";
  };

  new TSStatic() {
    shapeName = "levels/hirochi_raceway/art/shapes/buildings/hr_plasticbarrier_red.dae";
    position = "-318.00738525390625 -93.68986511230469 36.48257827758789";
    rotationMatrix = "-0.0033834308851510286 -0.9992184638977051 0.03938340023159981 0.9999731779098511 -0.0036366444546729326 -0.0063595883548259735 0.006497841328382492 0.03936082497239113 0.9992039203643799";
    scale = "1.0 1.0 1.0";
    decalType = "Collision Mesh";
    collisionType = "Collision Mesh";
  };

  new TSStatic() {
    shapeName = "levels/hirochi_raceway/art/shapes/buildings/hr_plasticbarrier_red.dae";
    position = "-318.0860900878906 -99.41989135742188 36.717124938964844";
    rotationMatrix = "-0.029729463160037994 -0.9986613988876343 0.042327214032411575 0.9995328783988953 -0.030002260580658913 -0.005824225023388863 0.007086340803653002 0.04213428869843483 0.9990867972373962";
    scale = "1.0 1.0 1.0";
    decalType = "Collision Mesh";
    collisionType = "Collision Mesh";
  };

  new TSStatic() {
    shapeName = "levels/hirochi_raceway/art/shapes/buildings/hr_plasticbarrier_red.dae";
    position = "-318.2001647949219 -102.30412292480469 36.85499572753906";
    rotationMatrix = "-0.03901058807969093 -0.997988224029541 0.04997723549604416 0.9992160201072693 -0.03929876536130905 -0.004796188324689865 0.006750583183020353 0.04975095018744469 0.9987388253211975";
    scale = "1.0 1.0 1.0";
    decalType = "Collision Mesh";
    collisionType = "Collision Mesh";
  };

  new TSStatic() {
    shapeName = "levels/hirochi_raceway/art/shapes/buildings/hr_plasticbarrier_red.dae";
    position = "-318.4632873535156 -108.03038024902344 37.17527389526367";
    rotationMatrix = "-0.05151382461190224 -0.9967120289802551 0.06254123896360397 0.9986708164215088 -0.05130434408783913 0.004951834678649902 -0.0017269160598516464 0.06271319836378098 0.9980300664901733";
    scale = "1.0 1.0 1.0";
    decalType = "Collision Mesh";
    collisionType = "Collision Mesh";
  };

  new TSStatic() {
    shapeName = "levels/hirochi_raceway/art/shapes/buildings/hr_plasticbarrier_red.dae";
    position = "-318.31353759765625 -105.14776611328125 37.000282287597656";
    rotationMatrix = "-0.0421828031539917 -0.9975007176399231 0.056683216243982315 0.9991090297698975 -0.04219077154994011 0.001056634122505784 0.0013375154230743647 0.056677285581827164 0.9983916282653809";
    scale = "1.0 1.0 1.0";
    decalType = "Collision Mesh";
    collisionType = "Collision Mesh";
  };

  new TSStatic() {
    shapeName = "levels/hirochi_raceway/art/shapes/buildings/hr_plasticbarrier_red.dae";
    position = "-79.1077880859375 -127.116943359375 29.889244079589844";
    rotationMatrix = "0.8468752503395081 0.5249951481819153 -0.08474878966808319 -0.521720826625824 0.8510868549346924 0.05880908668041229 0.10300306230783463 -0.0055887531489133835 0.9946653246879578";
    scale = "1.0 1.0 1.0";
    decalType = "Collision Mesh";
    collisionType = "Collision Mesh";
  };

  new TSStatic() {
    shapeName = "levels/hirochi_raceway/art/shapes/buildings/hr_plasticbarrier_red.dae";
    position = "-76.633544921875 -125.63029479980469 29.627168655395508";
    rotationMatrix = "0.8519218564033508 0.5174593925476074 -0.08040494471788406 -0.5142388939857483 0.8556678891181946 0.05823066085577011 0.0989319309592247 -0.00826062448322773 0.9950599074363708";
    scale = "1.0 1.0 1.0";
    decalType = "Collision Mesh";
    collisionType = "Collision Mesh";
  };

  new TSStatic() {
    shapeName = "levels/hirochi_raceway/art/shapes/buildings/hr_plasticbarrier_red.dae";
    position = "-81.52935791015625 -128.61196899414062 30.147048950195312";
    rotationMatrix = "0.8447895646095276 0.5270793437957764 -0.09229271113872528 -0.5236714482307434 0.8498131036758423 0.05988253280520439 0.10999439656734467 -0.0022570830769836903 0.9939296245574951";
    scale = "1.0 1.0 1.0";
    decalType = "Collision Mesh";
    collisionType = "Collision Mesh";
  };

  new TSStatic() {
    shapeName = "levels/hirochi_raceway/art/shapes/buildings/hr_plasticbarrier_red.dae";
    position = "-83.98500061035156 -130.12911987304688 30.41676139831543";
    rotationMatrix = "0.8397873044013977 0.5343227386474609 -0.0962105393409729 -0.5314457416534424 0.8452686667442322 0.05555428937077522 0.1110076755285263 0.004476890899240971 0.9938094615936279";
    scale = "1.0 1.0 1.0";
    decalType = "Collision Mesh";
    collisionType = "Collision Mesh";
  };

  new TSStatic() {
    shapeName = "levels/hirochi_raceway/art/shapes/buildings/hr_plasticbarrier_red.dae";
    position = "-88.78086853027344 -133.2658233642578 30.950557708740234";
    rotationMatrix = "0.8247596621513367 0.5566205978393555 -0.09972444921731949 -0.5528120994567871 0.8307654857635498 0.06501930952072144 0.11903871595859528 0.001503575942479074 0.9928884506225586";
    scale = "1.0 1.0 1.0";
    decalType = "Collision Mesh";
    collisionType = "Collision Mesh";
  };

  new TSStatic() {
    shapeName = "levels/hirochi_raceway/art/shapes/buildings/hr_plasticbarrier_red.dae";
    position = "-86.36610412597656 -131.68446350097656 30.669397354125977";
    rotationMatrix = "0.8305206894874573 0.5486207008361816 -0.096180260181427 -0.5455732941627502 0.8360598683357239 0.0579105019569397 0.11218336224555969 0.00437750993296504 0.9936778545379639";
    scale = "1.0 1.0 1.0";
    decalType = "Collision Mesh";
    collisionType = "Collision Mesh";
  };

  new TSStatic() {
    shapeName = "levels/hirochi_raceway/art/shapes/buildings/hr_plasticbarrier_red.dae";
    position = "-80.56166076660156 -145.7356719970703 29.83321189880371";
    rotationMatrix = "0.8354758620262146 0.5406935214996338 -0.09813573956489563 -0.5350764989852905 0.8411130905151367 0.07887932658195496 0.125192791223526 -0.013391646556556225 0.992042064666748";
    scale = "1.0 1.0 1.0";
    decalType = "Collision Mesh";
    collisionType = "Collision Mesh";
  };

  new TSStatic() {
    shapeName = "levels/hirochi_raceway/art/shapes/buildings/hr_plasticbarrier_red.dae";
    position = "-82.99136352539062 -147.2939453125 30.114290237426758";
    rotationMatrix = "0.8305935859680176 0.5487154722213745 -0.09500334411859512 -0.5437828302383423 0.835951030254364 0.07406837493181229 0.12006061524152756 -0.009859527461230755 0.9927176237106323";
    scale = "1.0 1.0 1.0";
    decalType = "Collision Mesh";
    collisionType = "Collision Mesh";
  };

  new TSStatic() {
    shapeName = "levels/hirochi_raceway/art/shapes/buildings/hr_plasticbarrier_red.dae";
    position = "-78.16584777832031 -144.2030792236328 29.558351516723633";
    rotationMatrix = "0.8449329137802124 0.5262935757637024 -0.09541210532188416 -0.5209793448448181 0.850179135799408 0.07599921524524689 0.12111528217792511 -0.014506494626402855 0.9925324320793152";
    scale = "1.0 1.0 1.0";
    decalType = "Collision Mesh";
    collisionType = "Collision Mesh";
  };

  new TSStatic() {
    shapeName = "levels/hirochi_raceway/art/shapes/buildings/hr_plasticbarrier_red.dae";
    position = "-75.69586181640625 -142.7093963623047 29.30284309387207";
    rotationMatrix = "0.849760115146637 0.5190085172653198 -0.09240074455738068 -0.5135071873664856 0.8545688986778259 0.0776037648320198 0.11923982203006744 -0.018496137112379074 0.9926931858062744";
    scale = "1.0 1.0 1.0";
    decalType = "Collision Mesh";
    collisionType = "Collision Mesh";
  };

  new TSStatic() {
    shapeName = "levels/hirochi_raceway/art/shapes/buildings/hr_plasticbarrier_red.dae";
    position = "-70.7718505859375 -139.7744903564453 28.788949966430664";
    rotationMatrix = "0.8568038940429688 0.5093213319778442 -0.08049115538597107 -0.5042645335197449 0.8602375984191895 0.07555509358644485 0.10772334039211273 -0.024147063493728638 0.9938876032829285";
    scale = "1.0 1.0 1.0";
    decalType = "Collision Mesh";
    collisionType = "Collision Mesh";
  };

  new TSStatic() {
    shapeName = "levels/hirochi_raceway/art/shapes/buildings/hr_plasticbarrier_red.dae";
    position = "-73.26016235351562 -141.2375030517578 29.041318893432617";
    rotationMatrix = "0.8513131737709045 0.5169752240180969 -0.08945654332637787 -0.5110453963279724 0.8556705117225647 0.08161214739084244 0.11873678863048553 -0.023761140182614326 0.9926413893699646";
    scale = "1.0 1.0 1.0";
    decalType = "Collision Mesh";
    collisionType = "Collision Mesh";
  };

  new TSStatic() {
    shapeName = "levels/hirochi_raceway/art/shapes/buildings/hr_plasticbarrier_red.dae";
    position = "4.670562744140625 -112.91441345214844 26.512346267700195";
    rotationMatrix = "0.9396594166755676 -0.3413660526275635 -0.022569119930267334 0.3418978154659271 0.939357578754425 0.026705890893936157 0.012083989568054676 -0.03281077370047569 0.9993885159492493";
    scale = "1.0 1.0 1.0";
    decalType = "Collision Mesh";
    collisionType = "Collision Mesh";
  };

  new TSStatic() {
    shapeName = "levels/hirochi_raceway/art/shapes/buildings/hr_plasticbarrier_red.dae";
    position = "7.3730316162109375 -113.92864990234375 26.461881637573242";
    rotationMatrix = "0.936664879322052 -0.3493126332759857 -0.025290297344326973 0.3499310314655304 0.9363980293273926 0.026589157059788704 0.014393857680261135 -0.03375498950481415 0.9993264675140381";
    scale = "1.0 1.0 1.0";
    decalType = "Collision Mesh";
    collisionType = "Collision Mesh";
  };

  new TSStatic() {
    shapeName = "levels/hirochi_raceway/art/shapes/buildings/hr_plasticbarrier_red.dae";
    position = "1.9942626953125 -111.94664001464844 26.580501556396484";
    rotationMatrix = "0.9404365420341492 -0.3394666016101837 -0.01847929321229458 0.33991900086402893 0.9398416876792908 0.033951371908187866 0.005842253565788269 -0.03821057453751564 0.9992526173591614";
    scale = "1.0 1.0 1.0";
    decalType = "Collision Mesh";
    collisionType = "Collision Mesh";
  };

  new TSStatic() {
    shapeName = "levels/hirochi_raceway/art/shapes/buildings/hr_plasticbarrier_red.dae";
    position = "-0.72052001953125 -110.96592712402344 26.63919448852539";
    rotationMatrix = "0.943233072757721 -0.3316552937030792 -0.017780832946300507 0.33212053775787354 0.9422857165336609 0.04235023260116577 0.002708946820348501 -0.04585151746869087 0.9989445805549622";
    scale = "1.0 1.0 1.0";
    decalType = "Collision Mesh";
    collisionType = "Collision Mesh";
  };

  new TSStatic() {
    shapeName = "levels/hirochi_raceway/art/shapes/buildings/hr_plasticbarrier_red.dae";
    position = "-6.1585693359375 -109.15855407714844 26.718233108520508";
    rotationMatrix = "0.9514727592468262 -0.30766648054122925 -0.006395428907126188 0.3074786365032196 0.9496363997459412 0.06039533019065857 -0.012508286163210869 -0.05943096801638603 0.9981540441513062";
    scale = "1.0 1.0 1.0";
    decalType = "Collision Mesh";
    collisionType = "Collision Mesh";
  };

  new TSStatic() {
    shapeName = "levels/hirochi_raceway/art/shapes/buildings/hr_plasticbarrier_red.dae";
    position = "-3.418914794921875 -110.06732177734375 26.680233001708984";
    rotationMatrix = "0.9487035870552063 -0.3158486783504486 -0.01418166421353817 0.3161664605140686 0.947674036026001 0.04418979212641716 -0.0005176927079446614 -0.04640677943825722 0.9989224672317505";
    scale = "1.0 1.0 1.0";
    decalType = "Collision Mesh";
    collisionType = "Collision Mesh";
  };

  new TSStatic() {
    shapeName = "levels/hirochi_raceway/art/shapes/buildings/hr_plasticbarrier_red.dae";
    position = "12.63909912109375 -116.25909423828125 26.3184814453125";
    rotationMatrix = "0.8957605361938477 -0.44383540749549866 -0.024963198229670525 0.444314569234848 0.895675539970398 0.018705088645219803 0.014056944288313389 -0.027846794575452805 0.9995133876800537";
    scale = "1.0 1.0 1.0";
    decalType = "Collision Mesh";
    collisionType = "Collision Mesh";
  };

  new TSStatic() {
    shapeName = "levels/hirochi_raceway/art/shapes/buildings/hr_plasticbarrier_red.dae";
    position = "10.051239013671875 -114.98065185546875 26.392122268676758";
    rotationMatrix = "0.8996371030807495 -0.4359196722507477 -0.02504267543554306 0.4364634156227112 0.899419903755188 0.023313799872994423 0.012360936962068081 -0.03190417215228081 0.9994145035743713";
    scale = "1.0 1.0 1.0";
    decalType = "Collision Mesh";
    collisionType = "Collision Mesh";
  };

  new TSStatic() {
    shapeName = "levels/hirochi_raceway/art/shapes/buildings/hr_plasticbarrier_red.dae";
    position = "15.187515258789062 -117.52178955078125 26.247188568115234";
    rotationMatrix = "0.8881683349609375 -0.4588371813297272 -0.02500959485769272 0.45928534865379333 0.8881350159645081 0.016526544466614723 0.01462890487164259 -0.026164893060922623 0.9995505809783936";
    scale = "1.0 1.0 1.0";
    decalType = "Collision Mesh";
    collisionType = "Collision Mesh";
  };

  new TSStatic() {
    shapeName = "levels/hirochi_raceway/art/shapes/buildings/hr_plasticbarrier_red.dae";
    position = "17.740829467773438 -118.8680419921875 26.178997039794922";
    rotationMatrix = "0.8843862414360046 -0.46616730093955994 -0.023431850597262383 0.4665718078613281 0.8843324184417725 0.01633884198963642 0.013104910030961037 -0.02538248710334301 0.9995918869972229";
    scale = "1.0 1.0 1.0";
    decalType = "Collision Mesh";
    collisionType = "Collision Mesh";
  };

  new TSStatic() {
    shapeName = "levels/hirochi_raceway/art/shapes/buildings/hr_plasticbarrier_red.dae";
    position = "22.794281005859375 -121.57403564453125 26.02292251586914";
    rotationMatrix = "0.8793428540229797 -0.47547686100006104 -0.026035279035568237 0.4758942723274231 0.8794077038764954 0.012913844548165798 0.016755390912294388 -0.023745737969875336 0.9995775818824768";
    scale = "1.0 1.0 1.0";
    decalType = "Collision Mesh";
    collisionType = "Collision Mesh";
  };

  new TSStatic() {
    shapeName = "levels/hirochi_raceway/art/shapes/buildings/hr_plasticbarrier_red.dae";
    position = "20.257797241210938 -120.19622802734375 26.11073875427246";
    rotationMatrix = "0.883431613445282 -0.46798744797706604 -0.023158278316259384 0.46836787462234497 0.8834055662155151 0.015039173886179924 0.013420007191598415 -0.024132676422595978 0.9996187090873718";
    scale = "1.0 1.0 1.0";
    decalType = "Collision Mesh";
    collisionType = "Collision Mesh";
  };

  new TSStatic() {
    shapeName = "levels/hirochi_raceway/art/shapes/buildings/hr_plasticbarrier_red.dae";
    position = "34.9080810546875 -184.15469360351562 25.115497589111328";
    rotationMatrix = "-0.7355819940567017 0.6774356365203857 0.00030435400549322367 -0.677425742149353 -0.7355735301971436 0.005091591272503138 0.003673100145533681 0.0035391056444495916 0.999987006187439";
    scale = "1.0 1.0 1.0";
    decalType = "Collision Mesh";
    collisionType = "Collision Mesh";
  };

  new TSStatic() {
    shapeName = "levels/hirochi_raceway/art/shapes/buildings/hr_plasticbarrier_red.dae";
    position = "32.80474853515625 -182.1778564453125 25.127824783325195";
    rotationMatrix = "-0.7296842932701111 0.6837446689605713 0.007352248299866915 -0.6836004257202148 -0.7296952605247498 0.015338034369051456 0.015852199867367744 0.006165922619402409 0.9998553395271301";
    scale = "1.0 1.0 1.0";
    decalType = "Collision Mesh";
    collisionType = "Collision Mesh";
  };

  new TSStatic() {
    shapeName = "levels/hirochi_raceway/art/shapes/buildings/hr_plasticbarrier_red.dae";
    position = "37.005157470703125 -186.07864379882812 25.135602951049805";
    rotationMatrix = "-0.7367071509361267 0.676001787185669 0.016856899484992027 -0.6756404042243958 -0.7368804812431335 0.02274283394217491 0.027795715257525444 0.005365605466067791 0.9995992183685303";
    scale = "1.0 1.0 1.0";
    decalType = "Collision Mesh";
    collisionType = "Collision Mesh";
  };

  new TSStatic() {
    shapeName = "levels/hirochi_raceway/art/shapes/buildings/hr_plasticbarrier_red.dae";
    position = "39.1328125 -188.02926635742188 25.099811553955078";
    rotationMatrix = "-0.7423937916755676 0.6698828935623169 0.010406913235783577 -0.669755220413208 -0.7424607276916504 0.013416854664683342 0.016714446246623993 0.002990505425259471 0.9998558163642883";
    scale = "1.0 1.0 1.0";
    decalType = "Collision Mesh";
    collisionType = "Collision Mesh";
  };

  new TSStatic() {
    shapeName = "levels/hirochi_raceway/art/shapes/buildings/hr_plasticbarrier_red.dae";
    position = "43.4552001953125 -191.79164123535156 25.07842445373535";
    rotationMatrix = "-0.7593337893486023 0.6506990790367126 0.0017086094012483954 -0.6507010459899902 -0.7593331933021545 -0.0011067724553868175 0.0005772280273959041 -0.0019522036891430616 0.9999979138374329";
    scale = "1.0 1.0 1.0";
    decalType = "Collision Mesh";
    collisionType = "Collision Mesh";
  };

  new TSStatic() {
    shapeName = "levels/hirochi_raceway/art/shapes/buildings/hr_plasticbarrier_red.dae";
    position = "41.27691650390625 -189.8978271484375 25.085315704345703";
    rotationMatrix = "-0.7536168098449707 0.6573060154914856 0.0032435802277177572 -0.6573094725608826 -0.7536207437515259 3.334134362376062e-06 0.0024466209579259157 -0.002129523316398263 0.9999947547912598";
    scale = "1.0 1.0 1.0";
    decalType = "Collision Mesh";
    collisionType = "Collision Mesh";
  };

  new TSStatic() {
    shapeName = "levels/hirochi_raceway/art/shapes/buildings/hr_plasticbarrier_red.dae";
    position = "54.060791015625 -201.47796630859375 25.069602966308594";
