//--- OBJECT WRITE BEGIN ---
$ThisPrefab = new SimGroup() {
  canSave = "1";
  canSaveDynamicFields = "1";
  groupPosition = "0 0 0";

  new TSStatic() {
    shapeName = "levels/hirochi_raceway/art/shapes/buildings/hr_plasticbarrier.dae";
    position = "439.6463623046875 100.53844451904297 25.27948760986328";
    rotationMatrix = "0.6434395909309387 -0.7650419473648071 0.026388343423604965 0.7635031938552856 0.6438686847686768 0.04996033385396004 -0.05521237850189209 -0.011998871341347694 0.9984025359153748";
    scale = "1.0 1.0 1.0";
    decalType = "Collision Mesh";
    collisionType = "Collision Mesh";
  };

  new TSStatic() {
    shapeName = "levels/hirochi_raceway/art/shapes/buildings/hr_plasticbarrier.dae";
    position = "441.48858642578125 98.3273696899414 25.358789443969727";
    rotationMatrix = "0.6321240067481995 -0.7742962837219238 0.029740823432803154 0.7729750275611877 0.6327964067459106 0.04558834806084633 -0.05411877483129501 -0.00582857383415103 0.9985175132751465";
    scale = "1.0 1.0 1.0";
    decalType = "Collision Mesh";
    collisionType = "Collision Mesh";
  };

  new TSStatic() {
    shapeName = "levels/hirochi_raceway/art/shapes/buildings/hr_plasticbarrier.dae";
    position = "432.619140625 -100.38819885253906 31.274972915649414";
    rotationMatrix = "-0.9513250589370728 -0.3072441518306732 0.024118555709719658 0.3081768751144409 -0.9476648569107056 0.08341658115386963 -0.002772948006168008 0.08678906410932541 0.9962228536605835";
    scale = "1.0 1.0 1.0";
    decalType = "Collision Mesh";
    collisionType = "Collision Mesh";
  };

  new TSStatic() {
    shapeName = "levels/hirochi_raceway/art/shapes/buildings/hr_plasticbarrier.dae";
    position = "429.89739990234375 -101.27262878417969 31.3381404876709";
    rotationMatrix = "-0.9521195888519287 -0.30487748980522156 0.022759558632969856 0.30570802092552185 -0.9486187696456909 0.08163992315530777 -0.003300030715763569 0.08468874543905258 0.9964019656181335";
    scale = "1.0 1.0 1.0";
    decalType = "Collision Mesh";
    collisionType = "Collision Mesh";
  };

  new TSStatic() {
    shapeName = "levels/hirochi_raceway/art/shapes/buildings/hr_plasticbarrier.dae";
    position = "427.15655517578125 -102.11909484863281 31.40182876586914";
    rotationMatrix = "-0.9589343667030334 -0.282717227935791 0.022712044417858124 0.28362005949020386 -0.9552273750305176 0.08426326513290405 -0.002127507934346795 0.08724453300237656 0.9961846470832825";
    scale = "1.0 1.0 1.0";
    decalType = "Collision Mesh";
    collisionType = "Collision Mesh";
  };

  new TSStatic() {
    shapeName = "levels/hirochi_raceway/art/shapes/buildings/hr_plasticbarrier.dae";
    position = "435.34051513671875 -99.50358581542969 31.212867736816406";
    rotationMatrix = "-0.951543927192688 -0.30675652623176575 0.02155422791838646 0.3074924349784851 -0.9483335018157959 0.07817915827035904 -0.0035413699224591255 0.08101866394281387 0.9967063069343567";
    scale = "1.0 1.0 1.0";
    decalType = "Collision Mesh";
    collisionType = "Collision Mesh";
  };

  new TSStatic() {
    shapeName = "levels/hirochi_raceway/art/shapes/buildings/hr_plasticbarrier.dae";
    position = "438.059814453125 -98.59011840820312 31.14779281616211";
    rotationMatrix = "-0.9442113637924194 -0.32857638597488403 0.0224147941917181 0.329317182302475 -0.9411548972129822 0.07601077109575272 -0.003879551077261567 0.07915181666612625 0.9968550205230713";
    scale = "1.0 1.0 1.0";
    decalType = "Collision Mesh";
    collisionType = "Collision Mesh";
  };

  new TSStatic() {
    shapeName = "levels/hirochi_raceway/art/shapes/buildings/hr_plasticbarrier.dae";
    position = "440.75897216796875 -97.63914489746094 31.084854125976562";
    rotationMatrix = "-0.9434521794319153 -0.33092519640922546 0.019660308957099915 0.3314685523509979 -0.9407547116279602 0.07147868722677231 -0.00515857245773077 0.07395350188016891 0.9972483515739441";
    scale = "1.0 1.0 1.0";
    decalType = "Collision Mesh";
    collisionType = "Collision Mesh";
  };

  new TSStatic() {
    shapeName = "levels/hirochi_raceway/art/shapes/buildings/hr_plasticbarrier.dae";
    position = "443.48516845703125 -96.66841125488281 31.024744033813477";
    rotationMatrix = "-0.9436275362968445 -0.33045774698257446 0.019099393859505653 0.33096760511398315 -0.9410218596458435 0.07027275115251541 -0.0052492255344986916 0.07263258099555969 0.997344970703125";
    scale = "1.0 1.0 1.0";
    decalType = "Collision Mesh";
    collisionType = "Collision Mesh";
  };

  new TSStatic() {
    shapeName = "levels/hirochi_raceway/art/shapes/buildings/hr_plasticbarrier.dae";
    position = "415.06732177734375 -45.088748931884766 27.505632400512695";
    rotationMatrix = "-0.4060375392436981 -0.9118406772613525 0.06066339090466499 0.9134254455566406 -0.40291255712509155 0.05757957324385643 -0.028061358258128166 0.07879095524549484 0.9964961409568787";
    scale = "1.0 1.0 1.0";
    decalType = "Collision Mesh";
    collisionType = "Collision Mesh";
  };

  new TSStatic() {
    shapeName = "levels/hirochi_raceway/art/shapes/buildings/hr_plasticbarrier.dae";
    position = "413.9130859375 -47.70747756958008 27.693466186523438";
    rotationMatrix = "-0.40816718339920044 -0.9105293154716492 0.0658477395772934 0.912727952003479 -0.40559473633766174 0.04919983446598053 -0.018090397119522095 0.08018282800912857 0.996616005897522";
    scale = "1.0 1.0 1.0";
    decalType = "Collision Mesh";
    collisionType = "Collision Mesh";
  };

  new TSStatic() {
    shapeName = "levels/hirochi_raceway/art/shapes/buildings/hr_plasticbarrier.dae";
    position = "412.71783447265625 -50.31520462036133 27.887012481689453";
    rotationMatrix = "-0.4284711480140686 -0.9013441801071167 0.0631757527589798 0.9034507870674133 -0.42843717336654663 0.014772333204746246 0.013751884922385216 0.06340570747852325 0.9978930950164795";
    scale = "1.0 1.0 1.0";
    decalType = "Collision Mesh";
    collisionType = "Collision Mesh";
  };

  new TSStatic() {
    shapeName = "levels/hirochi_raceway/art/shapes/buildings/hr_plasticbarrier.dae";
    position = "416.22113037109375 -42.470088958740234 27.329740524291992";
    rotationMatrix = "-0.40649735927581787 -0.9120925664901733 0.053357455879449844 0.9125329852104187 -0.4024170935153961 0.07310324162244797 -0.045204970985651016 0.07840671390295029 0.99589604139328";
    scale = "1.0 1.0 1.0";
    decalType = "Collision Mesh";
    collisionType = "Collision Mesh";
  };

  new TSStatic() {
    shapeName = "levels/hirochi_raceway/art/shapes/buildings/hr_plasticbarrier.dae";
    position = "417.35211181640625 -39.83384323120117 27.19520378112793";
    rotationMatrix = "-0.38471466302871704 -0.922324001789093 0.036236315965652466 0.9209650754928589 -0.38092780113220215 0.08195922523736954 -0.06178954243659973 0.06490329653024673 0.9959766864776611";
    scale = "1.0 1.0 1.0";
    decalType = "Collision Mesh";
    collisionType = "Collision Mesh";
  };

  new TSStatic() {
    shapeName = "levels/hirochi_raceway/art/shapes/buildings/hr_plasticbarrier.dae";
    position = "418.441650390625 -37.18759536743164 27.144603729248047";
    rotationMatrix = "-0.3814883828163147 -0.9242720007896423 0.013705477118492126 0.9218819737434387 -0.3793303668498993 0.07900666445493698 -0.06782474368810654 0.04277495667338371 0.9967798590660095";
    scale = "1.0 1.0 1.0";
    decalType = "Collision Mesh";
    collisionType = "Collision Mesh";
  };

  new TSStatic() {
    shapeName = "levels/hirochi_raceway/art/shapes/buildings/hr_plasticbarrier.dae";
    position = "421.62579345703125 -29.172962188720703 27.141626358032227";
    rotationMatrix = "-0.35772013664245605 -0.9338200092315674 -0.0040662880055606365 0.9312801361083984 -0.3570619225502014 0.07227768003940582 -0.06894625723361969 0.0220683291554451 0.9973762631416321";
    scale = "1.0 1.0 1.0";
    decalType = "Collision Mesh";
    collisionType = "Collision Mesh";
  };

  new TSStatic() {
    shapeName = "levels/hirochi_raceway/art/shapes/buildings/hr_plasticbarrier.dae";
    position = "420.60089111328125 -31.84494400024414 27.13193130493164";
    rotationMatrix = "-0.35951727628707886 -0.933128833770752 -0.00423537939786911 0.9302701950073242 -0.358764111995697 0.07671841979026794 -0.07310766726732254 0.023641549050807953 0.997043788433075";
    scale = "1.0 1.0 1.0";
    decalType = "Collision Mesh";
    collisionType = "Collision Mesh";
  };

  new TSStatic() {
    shapeName = "levels/hirochi_raceway/art/shapes/buildings/hr_plasticbarrier.dae";
    position = "419.5345458984375 -34.50797653198242 27.123079299926758";
    rotationMatrix = "-0.38126876950263977 -0.9244636297225952 -0.0010465604718774557 0.9218739867210388 -0.38028496503829956 0.07437536120414734 -0.06915531307458878 0.027392206713557243 0.9972297549247742";
    scale = "1.0 1.0 1.0";
    decalType = "Collision Mesh";
    collisionType = "Collision Mesh";
  };

  new TSStatic() {
    shapeName = "levels/hirochi_raceway/art/shapes/buildings/hr_plasticbarrier.dae";
    position = "422.6402587890625 -26.479854583740234 27.15964126586914";
    rotationMatrix = "-0.34334835410118103 -0.9391875267028809 -0.006222471594810486 0.9368429780006409 -0.3429460823535919 0.06865281611680984 -0.06661183387041092 0.017742350697517395 0.9976211786270142";
    scale = "1.0 1.0 1.0";
    decalType = "Collision Mesh";
    collisionType = "Collision Mesh";
  };

  new TSStatic() {
    shapeName = "levels/hirochi_raceway/art/shapes/buildings/hr_plasticbarrier.dae";
    position = "423.59893798828125 -23.776226043701172 27.172426223754883";
    rotationMatrix = "-0.32181447744369507 -0.9468027353286743 -0.00011517851089593023 0.94430011510849 -0.3209726810455322 0.07262133061885834 -0.06879504770040512 0.02326183207333088 0.997359573841095";
    scale = "1.0 1.0 1.0";
    decalType = "Collision Mesh";
    collisionType = "Collision Mesh";
  };

  new TSStatic() {
    shapeName = "levels/hirochi_raceway/art/shapes/buildings/hr_plasticbarrier.dae";
    position = "424.515625 -21.065242767333984 27.183555603027344";
    rotationMatrix = "-0.31779205799102783 -0.9479605555534363 -0.019466929137706757 0.9440503120422363 -0.3182573914527893 0.08649420738220215 -0.08818859606981277 0.009109411388635635 0.996062159538269";
    scale = "1.0 1.0 1.0";
    decalType = "Collision Mesh";
    collisionType = "Collision Mesh";
  };

  new TSStatic() {
    shapeName = "levels/hirochi_raceway/art/shapes/buildings/hr_plasticbarrier.dae";
    position = "-364.27227783203125 157.3206329345703 25.139314651489258";
    rotationMatrix = "0.004659316968172789 -0.9990865588188171 0.04247680678963661 0.9978327751159668 0.0018570119282230735 -0.06577479839324951 0.06563583761453629 0.04269121587276459 0.9969300031661987";
    scale = "1.0 1.0 1.0";
    decalType = "Collision Mesh";
    collisionType = "Collision Mesh";
  };

  new TSStatic() {
    shapeName = "levels/hirochi_raceway/art/shapes/buildings/hr_plasticbarrier.dae";
    position = "-364.2949523925781 160.20700073242188 25.057357788085938";
    rotationMatrix = "0.012873295694589615 -0.9998558163642883 0.011073222383856773 0.9995865225791931 0.01258349884301424 -0.02585410699248314 0.02571103908121586 0.011401471681892872 0.9996044039726257";
    scale = "1.0 1.0 1.0";
    decalType = "Collision Mesh";
    collisionType = "Collision Mesh";
  };

  new TSStatic() {
    shapeName = "levels/hirochi_raceway/art/shapes/buildings/hr_plasticbarrier.dae";
    position = "-364.3988342285156 165.9541778564453 25.045930862426758";
    rotationMatrix = "0.025246581062674522 -0.9996790885925293 0.002075630472972989 0.9996660947799683 0.02523471601307392 -0.005556345917284489 0.0055021848529577255 0.0022152161691337824 0.9999824166297913";
    scale = "1.0 1.0 1.0";
    decalType = "Collision Mesh";
    collisionType = "Collision Mesh";
  };

  new TSStatic() {
    shapeName = "levels/hirochi_raceway/art/shapes/buildings/hr_plasticbarrier.dae";
    position = "-364.3400573730469 163.06832885742188 25.046512603759766";
    rotationMatrix = "0.015776051208376884 -0.9998753070831299 0.0007234416552819312 0.9998700618743896 0.015773557126522064 -0.003333010943606496 0.003321184078231454 0.000775929365772754 0.999994158744812";
    scale = "1.0 1.0 1.0";
    decalType = "Collision Mesh";
    collisionType = "Collision Mesh";
  };

  new TSStatic() {
    shapeName = "levels/hirochi_raceway/art/shapes/buildings/hr_plasticbarrier.dae";
    position = "-364.4676513671875 168.81973266601562 25.042232513427734";
    rotationMatrix = "0.029163828119635582 -0.999574601650238 -0.00033037824323400855 0.9995661377906799 0.029164941981434822 -0.00411253422498703 0.004120420198887587 -0.00021029765775892884 0.9999914765357971";
    scale = "1.0 1.0 1.0";
    decalType = "Collision Mesh";
    collisionType = "Collision Mesh";
  };

  new TSStatic() {
    shapeName = "levels/hirochi_raceway/art/shapes/buildings/hr_plasticbarrier.dae";
    position = "-364.5650939941406 171.7045440673828 25.041065216064453";
    rotationMatrix = "0.03862583637237549 -0.9992536902427673 -0.00025049984105862677 0.9991979002952576 0.038626328110694885 -0.010560302995145321 0.010562097653746605 0.00015760160749778152 0.9999442100524902";
    scale = "1.0 1.0 1.0";
    decalType = "Collision Mesh";
    collisionType = "Collision Mesh";
  };

  new TSStatic() {
    shapeName = "levels/hirochi_raceway/art/shapes/buildings/hr_plasticbarrier.dae";
    position = "-364.9324035644531 177.43807983398438 25.05061149597168";
    rotationMatrix = "0.0746619924902916 -0.9972023367881775 0.0036252003628760576 0.9972086548805237 0.07466398924589157 0.00041859986959025264 -0.0006881006411276758 0.003583827754482627 0.9999933242797852";
    scale = "1.0 1.0 1.0";
    decalType = "Collision Mesh";
    collisionType = "Collision Mesh";
  };

  new TSStatic() {
    shapeName = "levels/hirochi_raceway/art/shapes/buildings/hr_plasticbarrier.dae";
    position = "-364.73095703125 174.5586395263672 25.056072235107422";
    rotationMatrix = "0.0652216225862503 -0.9978700876235962 0.001192344818264246 0.9978556036949158 0.06521398574113846 -0.005595687311142683 0.005506011191755533 0.0015547476941719651 0.9999836087226868";
    scale = "1.0 1.0 1.0";
    decalType = "Collision Mesh";
    collisionType = "Collision Mesh";
  };

  new TSStatic() {
    shapeName = "levels/hirochi_raceway/art/shapes/buildings/hr_plasticbarrier.dae";
    position = "-365.1240234375 180.30026245117188 25.04044532775879";
    rotationMatrix = "0.06522238999605179 -0.997869074344635 0.0018436643294990063 0.9978606700897217 0.06521330773830414 -0.004616693593561649 0.004486624151468277 0.0021408319007605314 0.9999876618385315";
    scale = "1.0 1.0 1.0";
    decalType = "Collision Mesh";
    collisionType = "Collision Mesh";
  };

  new TSStatic() {
    shapeName = "levels/hirochi_raceway/art/shapes/buildings/hr_plasticbarrier.dae";
    position = "-365.3254699707031 183.1796875 25.03488540649414";
    rotationMatrix = "0.07466693967580795 -0.997204601764679 0.0027958154678344727 0.9972049593925476 0.07465888559818268 -0.0028842692263424397 0.0026674740947782993 0.003003360703587532 0.9999919533729553";
    scale = "1.0 1.0 1.0";
    decalType = "Collision Mesh";
    collisionType = "Collision Mesh";
  };

  new TSStatic() {
    shapeName = "levels/hirochi_raceway/art/shapes/buildings/hr_plasticbarrier.dae";
    position = "-365.7078857421875 188.92733764648438 25.030683517456055";
    rotationMatrix = "0.0746636614203453 -0.9972087144851685 0.0004042537766508758 0.9972053170204163 0.07466232776641846 -0.0026718724984675646 0.0026342319324612617 0.0006026157643646002 0.9999963641166687";
    scale = "1.0 1.0 1.0";
    decalType = "Collision Mesh";
    collisionType = "Collision Mesh";
  };

  new TSStatic() {
    shapeName = "levels/hirochi_raceway/art/shapes/buildings/hr_plasticbarrier.dae";
    position = "-365.5064392089844 186.04791259765625 25.026948928833008";
    rotationMatrix = "0.0652192085981369 -0.9978678822517395 0.0024746847338974476 0.997870683670044 0.06521710753440857 -0.000918386853300035 0.0007550370064564049 0.002529311925172806 0.999996542930603";
    scale = "1.0 1.0 1.0";
    decalType = "Collision Mesh";
    collisionType = "Collision Mesh";
  };

  new TSStatic() {
    shapeName = "levels/hirochi_raceway/art/shapes/buildings/hr_plasticbarrier.dae";
    position = "-365.8981018066406 191.7830352783203 25.034488677978516";
    rotationMatrix = "0.06521766632795334 -0.9978698492050171 0.001544432481750846 0.997870683670044 0.06521888077259064 0.0007495938334614038 -0.0008487232844345272 0.0014922571135684848 0.9999985098838806";
    scale = "1.0 1.0 1.0";
    decalType = "Collision Mesh";
    collisionType = "Collision Mesh";
  };

  new TSStatic() {
    shapeName = "levels/hirochi_raceway/art/shapes/buildings/hr_plasticbarrier.dae";
    position = "-366.09954833984375 194.66244506835938 25.024879455566406";
    rotationMatrix = "0.07466307282447815 -0.997208833694458 0.00015519930457230657 0.9972074627876282 0.07466322928667068 0.0016537641640752554 -0.001660735928453505 3.129078322672285e-05 0.9999986290931702";
    scale = "1.0 1.0 1.0";
    decalType = "Collision Mesh";
    collisionType = "Collision Mesh";
  };

  new TSStatic() {
    shapeName = "levels/hirochi_raceway/art/shapes/buildings/hr_plasticbarrier.dae";
    position = "-366.615966796875 200.39279174804688 25.0290470123291";
    rotationMatrix = "0.09868371486663818 -0.9951187372207642 0.0004684074374381453 0.9951178431510925 0.09868428111076355 0.0013874998548999429 -0.0014269514940679073 0.00032919697696343064 0.999998927116394";
    scale = "1.0 1.0 1.0";
    decalType = "Collision Mesh";
    collisionType = "Collision Mesh";
  };

  new TSStatic() {
    shapeName = "levels/hirochi_raceway/art/shapes/buildings/hr_plasticbarrier.dae";
    position = "-366.34515380859375 197.51904296875 25.030824661254883";
    rotationMatrix = "0.08925879746675491 -0.99600750207901 -0.0013826133217662573 0.9960076808929443 0.08925691246986389 0.0013741444563493133 -0.0012452503433451056 -0.0014997479738667607 0.9999980926513672";
    scale = "1.0 1.0 1.0";
    decalType = "Collision Mesh";
    collisionType = "Collision Mesh";
  };

  new TSStatic() {
    shapeName = "levels/hirochi_raceway/art/shapes/buildings/hr_plasticbarrier.dae";
    position = "-366.9095764160156 203.25315856933594 25.032262802124023";
    rotationMatrix = "0.1020013689994812 -0.994782567024231 -0.0018235264578834176 0.9947555661201477 0.10198432207107544 0.00778594333678484 -0.00755934976041317 -0.0026081399992108345 0.9999680519104004";
    scale = "1.0 1.0 1.0";
    decalType = "Collision Mesh";
    collisionType = "Collision Mesh";
  };

  new TSStatic() {
    shapeName = "levels/hirochi_raceway/art/shapes/buildings/hr_plasticbarrier.dae";
    position = "-367.2171325683594 206.12319946289062 25.037078857421875";
    rotationMatrix = "0.11141075938940048 -0.9937742352485657 -0.0006439193384721875 0.9937493801116943 0.11140332370996475 0.007171730976551771 -0.007055346388369799 -0.0014389024581760168 0.9999740719795227";
    scale = "1.0 1.0 1.0";
    decalType = "Collision Mesh";
    collisionType = "Collision Mesh";
  };

  new TSStatic() {
    shapeName = "levels/hirochi_raceway/art/shapes/buildings/hr_plasticbarrier.dae";
    position = "-367.9853210449219 211.82635498046875 25.046417236328125";
    rotationMatrix = "0.14403469860553741 -0.9895719289779663 -0.001168609131127596 0.9895705580711365 0.1440318524837494 0.0022340649738907814 -0.002042451174929738 -0.0014782040379941463 0.9999968409538269";
    scale = "1.0 1.0 1.0";
    decalType = "Collision Mesh";
    collisionType = "Collision Mesh";
  };

  new TSStatic() {
    shapeName = "levels/hirochi_raceway/art/shapes/buildings/hr_plasticbarrier.dae";
    position = "-367.58355712890625 208.96800231933594 25.048019409179688";
    rotationMatrix = "0.1346558928489685 -0.9908920526504517 0.0008505886071361601 0.9908815026283264 0.13465838134288788 0.004583008587360382 -0.004655805882066488 0.00022570343571715057 0.9999891519546509";
    scale = "1.0 1.0 1.0";
    decalType = "Collision Mesh";
    collisionType = "Collision Mesh";
  };

  new TSStatic() {
    shapeName = "levels/hirochi_raceway/art/shapes/buildings/hr_plasticbarrier.dae";
    position = "-368.4319763183594 214.695068359375 25.04546356201172";
    rotationMatrix = "0.1594245582818985 -0.9872081279754639 0.0019702352583408356 0.987209677696228 0.1594260185956955 0.0006065121269784868 -0.0009128605015575886 0.001848342246375978 0.9999978542327881";
    scale = "1.0 1.0 1.0";
    decalType = "Collision Mesh";
    collisionType = "Collision Mesh";
  };

  new TSStatic() {
    shapeName = "levels/hirochi_raceway/art/shapes/buildings/hr_plasticbarrier.dae";
    position = "-368.9051818847656 217.54248046875 25.03497886657715";
    rotationMatrix = "0.168764129281044 -0.9856559634208679 0.001022297888994217 0.985653817653656 0.16876599192619324 0.002151732798665762 -0.0022933974396437407 0.0006444965256378055 0.9999971389770508";
    scale = "1.0 1.0 1.0";
    decalType = "Collision Mesh";
    collisionType = "Collision Mesh";
  };

  new TSStatic() {
    shapeName = "levels/hirochi_raceway/art/shapes/buildings/hr_plasticbarrier.dae";
    position = "-369.7270202636719 223.28060913085938 25.003965377807617";
    rotationMatrix = "-0.006885157898068428 -0.9999759793281555 -0.0008188363863155246 0.9999756813049316 -0.006886081304401159 0.001130076590925455 -0.0011356879258528352 -0.0008110357448458672 0.9999990463256836";
    scale = "1.0 1.0 1.0";
    decalType = "Collision Mesh";
    collisionType = "Collision Mesh";
  };

  new TSStatic() {
    shapeName = "levels/hirochi_raceway/art/shapes/buildings/hr_plasticbarrier.dae";
    position = "-369.36541748046875 220.36624145507812 25.00754165649414";
    rotationMatrix = "0.15942344069480896 -0.9872071743011475 0.0024741454981267452 0.9872088432312012 0.1594269722700119 0.0013018193421885371 -0.0016796109266579151 0.002234957879409194 0.9999960660934448";
    scale = "1.0 1.0 1.0";
    decalType = "Collision Mesh";
    collisionType = "Collision Mesh";
  };

  new TSStatic() {
    shapeName = "levels/hirochi_raceway/art/shapes/buildings/hr_plasticbarrier.dae";
    position = "-318.0265808105469 -95.13548278808594 36.53941345214844";
    rotationMatrix = "-0.01283121109008789 -0.9991433024406433 0.03934527561068535 0.9998924732208252 -0.01310047134757042 -0.006593367084860802 0.00710316002368927 0.039256442338228226 0.9992039203643799";
    scale = "1.0 1.0 1.0";
    decalType = "Collision Mesh";
    collisionType = "Collision Mesh";
  };

  new TSStatic() {
    shapeName = "levels/hirochi_raceway/art/shapes/buildings/hr_plasticbarrier.dae";
    position = "-318.06390380859375 -97.99693298339844 36.65645217895508";
    rotationMatrix = "-0.015395043417811394 -0.9989664554595947 0.042766720056533813 0.9998498558998108 -0.015720771625638008 -0.007290531415492296 0.007955322042107582 0.042648058384656906 0.9990584850311279";
    scale = "1.0 1.0 1.0";
    decalType = "Collision Mesh";
    collisionType = "Collision Mesh";
  };

  new TSStatic() {
    shapeName = "levels/hirochi_raceway/art/shapes/buildings/hr_plasticbarrier.dae";
    position = "-318.2561950683594 -103.72396850585938 36.924556732177734";
    rotationMatrix = "-0.041767511516809464 -0.9978841543197632 0.049826983362436295 0.9991268515586853 -0.041764646768569946 0.0010991226881742477 0.0009842092404142022 0.0498293861746788 0.9987572431564331";
    scale = "1.0 1.0 1.0";
    decalType = "Collision Mesh";
    collisionType = "Collision Mesh";
  };

  new TSStatic() {
    shapeName = "levels/hirochi_raceway/art/shapes/buildings/hr_plasticbarrier.dae";
    position = "-318.1434631347656 -100.864501953125 36.783714294433594";
    rotationMatrix = "-0.03911610692739487 -0.9980659484863281 0.04831481724977493 0.9991981983184814 -0.03948196768760681 -0.006641088053584099 0.008535807952284813 0.04801630601286888 0.9988100528717041";
    scale = "1.0 1.0 1.0";
    decalType = "Collision Mesh";
    collisionType = "Collision Mesh";
  };

  new TSStatic() {
    shapeName = "levels/hirochi_raceway/art/shapes/buildings/hr_plasticbarrier.dae";
    position = "-318.3887634277344 -106.59156799316406 37.08575439453125";
    rotationMatrix = "-0.05160841718316078 -0.996760368347168 0.06168737635016441 0.998666524887085 -0.05159234628081322 0.0018544172635301948 0.0013341867597773671 0.06170082092285156 0.9980937838554382";
    scale = "1.0 1.0 1.0";
    decalType = "Collision Mesh";
    collisionType = "Collision Mesh";
  };

  new TSStatic() {
    shapeName = "levels/hirochi_raceway/art/shapes/buildings/hr_plasticbarrier.dae";
    position = "-318.53692626953125 -109.44941711425781 37.26954650878906";
    rotationMatrix = "-0.053965892642736435 -0.9962295293807983 0.06792941689491272 0.9985396265983582 -0.05366988107562065 0.006176433060318232 -0.0025073811411857605 0.06816352903842926 0.9976710081100464";
    scale = "1.0 1.0 1.0";
    decalType = "Collision Mesh";
    collisionType = "Collision Mesh";
  };

  new TSStatic() {
    shapeName = "levels/hirochi_raceway/art/shapes/buildings/hr_plasticbarrier.dae";
    position = "-75.41560363769531 -124.89839172363281 29.51407814025879";
    rotationMatrix = "0.8533341288566589 0.5156996250152588 -0.0766473039984703 -0.5123792290687561 0.8566915988922119 0.059556543827056885 0.09637639671564102 -0.011549141258001328 0.9952779412269592";
    scale = "1.0 1.0 1.0";
    decalType = "Collision Mesh";
    collisionType = "Collision Mesh";
  };

  new TSStatic() {
    shapeName = "levels/hirochi_raceway/art/shapes/buildings/hr_plasticbarrier.dae";
    position = "-77.868408203125 -126.37251281738281 29.74580955505371";
    rotationMatrix = "0.8517618179321289 0.517122745513916 -0.08417769521474838 -0.5138463377952576 0.8558861017227173 0.0584888719022274 0.10229244828224182 -0.006564187351614237 0.9947327375411987";
    scale = "1.0 1.0 1.0";
    decalType = "Collision Mesh";
    collisionType = "Collision Mesh";
  };

  new TSStatic() {
    shapeName = "levels/hirochi_raceway/art/shapes/buildings/hr_plasticbarrier.dae";
    position = "-82.75492858886719 -129.3694305419922 30.28055191040039";
    rotationMatrix = "0.8452268838882446 0.5265012383460999 -0.09158571809530258 -0.5237492322921753 0.8501707911491394 0.05381820350885391 0.10619884729385376 0.0024793571792542934 0.9943418502807617";
    scale = "1.0 1.0 1.0";
    decalType = "Collision Mesh";
    collisionType = "Collision Mesh";
  };

  new TSStatic() {
    shapeName = "levels/hirochi_raceway/art/shapes/buildings/hr_plasticbarrier.dae";
    position = "-80.32057189941406 -127.86502075195312 30.014204025268555";
    rotationMatrix = "0.8459781408309937 0.525032639503479 -0.09306790679693222 -0.5216933488845825 0.8510807752609253 0.05914008617401123 0.11025878041982651 -0.001478314632549882 0.993901789188385";
    scale = "1.0 1.0 1.0";
    decalType = "Collision Mesh";
    collisionType = "Collision Mesh";
  };

  new TSStatic() {
    shapeName = "levels/hirochi_raceway/art/shapes/buildings/hr_plasticbarrier.dae";
    position = "-85.17742919921875 -130.90586853027344 30.552385330200195";
    rotationMatrix = "0.83203125 0.5464967489242554 -0.09521173685789108 -0.5432655215263367 0.8374580144882202 0.05938560143113136 0.1121898740530014 0.0023145731538534164 0.9936841130256653";
    scale = "1.0 1.0 1.0";
    decalType = "Collision Mesh";
    collisionType = "Collision Mesh";
  };

  new TSStatic() {
    shapeName = "levels/hirochi_raceway/art/shapes/buildings/hr_plasticbarrier.dae";
    position = "-87.5712890625 -132.4739227294922 30.80756950378418";
    rotationMatrix = "0.8305354714393616 0.5485809445381165 -0.09627952426671982 -0.5453329086303711 0.8360922932624817 0.05967971682548523 0.11323772370815277 0.0029382698703557253 0.9935635924339294";
    scale = "1.0 1.0 1.0";
    decalType = "Collision Mesh";
    collisionType = "Collision Mesh";
  };

  new TSStatic() {
    shapeName = "levels/hirochi_raceway/art/shapes/buildings/hr_plasticbarrier.dae";
    position = "-81.77432250976562 -146.51361083984375 29.974689483642578";
    rotationMatrix = "0.8358222246170044 0.5406382083892822 -0.09545432776212692 -0.5350004434585571 0.8411168456077576 0.07935357838869095 0.12318982183933258 -0.015257376246154308 0.9922658205032349";
    scale = "1.0 1.0 1.0";
    decalType = "Collision Mesh";
    collisionType = "Collision Mesh";
  };

  new TSStatic() {
    shapeName = "levels/hirochi_raceway/art/shapes/buildings/hr_plasticbarrier.dae";
    position = "-79.36563110351562 -144.9684295654297 29.695161819458008";
    rotationMatrix = "0.8372512459754944 0.5385425686836243 -0.09477459639310837 -0.533157229423523 0.8424790501594543 0.07728128135204315 0.12146487087011337 -0.014174087904393673 0.992494523525238";
    scale = "1.0 1.0 1.0";
    decalType = "Collision Mesh";
    collisionType = "Collision Mesh";
  };

  new TSStatic() {
    shapeName = "levels/hirochi_raceway/art/shapes/buildings/hr_plasticbarrier.dae";
    position = "-74.48001098632812 -141.9739990234375 29.169721603393555";
    rotationMatrix = "0.851274847984314 0.516913890838623 -0.09017281234264374 -0.511178195476532 0.8557578325271606 0.07984600216150284 0.11843959987163544 -0.021876517683267593 0.9927202463150024";
    scale = "1.0 1.0 1.0";
    decalType = "Collision Mesh";
    collisionType = "Collision Mesh";
  };

  new TSStatic() {
    shapeName = "levels/hirochi_raceway/art/shapes/buildings/hr_plasticbarrier.dae";
    position = "-76.9285888671875 -143.45513916015625 29.439159393310547";
    rotationMatrix = "0.8498633503913879 0.5184443593025208 -0.09459243714809418 -0.5133506059646606 0.8549929857254028 0.07387930154800415 0.1191781759262085 -0.01422822754830122 0.9927709102630615";
    scale = "1.0 1.0 1.0";
    decalType = "Collision Mesh";
    collisionType = "Collision Mesh";
  };

  new TSStatic() {
    shapeName = "levels/hirochi_raceway/art/shapes/buildings/hr_plasticbarrier.dae";
    position = "-72.01374816894531 -140.50491333007812 28.91141700744629";
    rotationMatrix = "0.8563845157623291 0.5090256333351135 -0.0865936428308487 -0.5031623244285583 0.8603561520576477 0.08133240789175034 0.1159016489982605 -0.026081159710884094 0.9929181933403015";
    scale = "1.0 1.0 1.0";
    decalType = "Collision Mesh";
    collisionType = "Collision Mesh";
  };

  new TSStatic() {
    shapeName = "levels/hirochi_raceway/art/shapes/buildings/hr_plasticbarrier.dae";
    position = "-69.54701232910156 -139.05422973632812 28.651517868041992";
    rotationMatrix = "0.8574815392494202 0.5076622366905212 -0.08369293808937073 -0.5028512477874756 0.8613205552101135 0.07257761806249619 0.10893136262893677 -0.0201488696038723 0.9938450455665588";
    scale = "1.0 1.0 1.0";
    decalType = "Collision Mesh";
    collisionType = "Collision Mesh";
  };

  new TSStatic() {
    shapeName = "levels/hirochi_raceway/art/shapes/buildings/hr_plasticbarrier.dae";
    position = "8.703369140625 -114.4278564453125 26.426193237304688";
    rotationMatrix = "0.9361084699630737 -0.35105636715888977 -0.02145572006702423 0.35154566168785095 0.9357973337173462 0.026438627392053604 0.010796756483614445 -0.032292090356349945 0.999420166015625";
    scale = "1.0 1.0 1.0";
    decalType = "Collision Mesh";
    collisionType = "Collision Mesh";
  };

  new TSStatic() {
    shapeName = "levels/hirochi_raceway/art/shapes/buildings/hr_plasticbarrier.dae";
    position = "6.0240631103515625 -113.42262268066406 26.47779083251953";
    rotationMatrix = "0.9364296197891235 -0.3500022292137146 -0.024453338235616684 0.35060614347457886 0.936115562915802 0.027622472494840622 0.013223224319517612 -0.034439992159605026 0.9993192553520203";
    scale = "1.0 1.0 1.0";
    decalType = "Collision Mesh";
    collisionType = "Collision Mesh";
  };

  new TSStatic() {
    shapeName = "levels/hirochi_raceway/art/shapes/buildings/hr_plasticbarrier.dae";
    position = "0.63916015625 -111.45733642578125 26.608985900878906";
    rotationMatrix = "0.9401779770851135 -0.3401060700416565 -0.0198287945240736 0.34064874053001404 0.9393208026885986 0.04043304920196533 0.004874073434621096 -0.04476891830563545 0.9989854693412781";
    scale = "1.0 1.0 1.0";
    decalType = "Collision Mesh";
    collisionType = "Collision Mesh";
  };

  new TSStatic() {
    shapeName = "levels/hirochi_raceway/art/shapes/buildings/hr_plasticbarrier.dae";
    position = "3.3307342529296875 -112.4293212890625 26.54602813720703";
    rotationMatrix = "0.9396191239356995 -0.34134888648986816 -0.024430200457572937 0.34197697043418884 0.939251720905304 0.029290365055203438 0.012947875075042248 -0.035876352339982986 0.999272346496582";
    scale = "1.0 1.0 1.0";
    decalType = "Collision Mesh";
    collisionType = "Collision Mesh";
  };

  new TSStatic() {
    shapeName = "levels/hirochi_raceway/art/shapes/buildings/hr_plasticbarrier.dae";
    position = "-2.070159912109375 -110.51457214355469 26.66107940673828";
    rotationMatrix = "0.9478787779808044 -0.31834763288497925 -0.01343962550163269 0.3186251223087311 0.946757435798645 0.046134963631629944 -0.0019628910813480616 -0.04801255464553833 0.9988448023796082";
    scale = "1.0 1.0 1.0";
    decalType = "Collision Mesh";
    collisionType = "Collision Mesh";
  };

  new TSStatic() {
    shapeName = "levels/hirochi_raceway/art/shapes/buildings/hr_plasticbarrier.dae";
    position = "-4.78643798828125 -109.6138916015625 26.700756072998047";
    rotationMatrix = "0.948570728302002 -0.3162854015827179 -0.013308621942996979 0.31654274463653564 0.9471628069877625 0.05180061608552933 -0.003778347047045827 -0.053349293768405914 0.9985687732696533";
    scale = "1.0 1.0 1.0";
    decalType = "Collision Mesh";
    collisionType = "Collision Mesh";
  };

  new TSStatic() {
    shapeName = "levels/hirochi_raceway/art/shapes/buildings/hr_plasticbarrier.dae";
    position = "11.347320556640625 -115.62109375 26.355438232421875";
    rotationMatrix = "0.895532488822937 -0.4442271292209625 -0.02615005150437355 0.4447602331638336 0.8954241871833801 0.020095638930797577 0.014488361775875092 -0.02962680160999298 0.9994560480117798";
    scale = "1.0 1.0 1.0";
    decalType = "Collision Mesh";
    collisionType = "Collision Mesh";
  };

  new TSStatic() {
    shapeName = "levels/hirochi_raceway/art/shapes/buildings/hr_plasticbarrier.dae";
    position = "13.913162231445312 -116.88836669921875 26.282175064086914";
    rotationMatrix = "0.8945208787918091 -0.44616371393203735 -0.02775499038398266 0.4466790556907654 0.8945481181144714 0.016171615570783615 0.017612986266613007 -0.026863420382142067 0.9994839429855347";
    scale = "1.0 1.0 1.0";
    decalType = "Collision Mesh";
    collisionType = "Collision Mesh";
  };

  new TSStatic() {
    shapeName = "levels/hirochi_raceway/art/shapes/buildings/hr_plasticbarrier.dae";
    position = "18.997817993164062 -119.53076171875 26.1439266204834";
    rotationMatrix = "0.8833788633346558 -0.46800458431243896 -0.024769820272922516 0.4684269428253174 0.8833714127540588 0.015202607959508896 0.014766061678528786 -0.025032512843608856 0.9995775818824768";
    scale = "1.0 1.0 1.0";
    decalType = "Collision Mesh";
    collisionType = "Collision Mesh";
  };

  new TSStatic() {
    shapeName = "levels/hirochi_raceway/art/shapes/buildings/hr_plasticbarrier.dae";
    position = "16.466278076171875 -118.1962890625 26.211549758911133";
    rotationMatrix = "0.8840392827987671 -0.4668634235858917 -0.02265147864818573 0.46725377440452576 0.8839638233184814 0.016790511086583138 0.012184211984276772 -0.025427458807826042 0.9996024370193481";
    scale = "1.0 1.0 1.0";
    decalType = "Collision Mesh";
    collisionType = "Collision Mesh";
  };

  new TSStatic() {
    shapeName = "levels/hirochi_raceway/art/shapes/buildings/hr_plasticbarrier.dae";
    position = "21.52813720703125 -120.88653564453125 26.078142166137695";
    rotationMatrix = "0.879143476486206 -0.4760754108428955 -0.021424023434519768 0.4763859510421753 0.8791441321372986 0.012728089466691017 0.012775273993611336 -0.02139591984450817 0.9996894598007202";
    scale = "1.0 1.0 1.0";
    decalType = "Collision Mesh";
    collisionType = "Collision Mesh";
  };

  new TSStatic() {
    shapeName = "levels/hirochi_raceway/art/shapes/buildings/hr_plasticbarrier.dae";
    position = "24.042938232421875 -122.25221252441406 25.9888858795166";
    rotationMatrix = "0.8785331845283508 -0.47705531120300293 -0.024447545409202576 0.4774506092071533 0.8785485625267029 0.013905059546232224 0.014844873920083046 -0.02388855069875717 0.9996044039726257";
    scale = "1.0 1.0 1.0";
    decalType = "Collision Mesh";
    collisionType = "Collision Mesh";
  };

  new TSStatic() {
    shapeName = "levels/hirochi_raceway/art/shapes/buildings/hr_plasticbarrier.dae";
    position = "31.769287109375 -181.2047119140625 25.131200790405273";
    rotationMatrix = "-0.7286120057106018 0.6849051713943481 -0.005426294635981321 -0.6848838329315186 -0.7286322116851807 -0.005411005113273859 -0.007659798488020897 -0.00022614213230554014 0.9999706149101257";
    scale = "1.0 1.0 1.0";
    decalType = "Collision Mesh";
    collisionType = "Collision Mesh";
  };

  new TSStatic() {
    shapeName = "levels/hirochi_raceway/art/shapes/buildings/hr_plasticbarrier.dae";
    position = "33.854736328125 -183.16436767578125 25.1195011138916";
    rotationMatrix = "-0.7294210195541382 0.6840589642524719 -0.002886157715693116 -0.6840622425079346 -0.7293995022773743 0.005932935979217291 0.00195331615395844 0.0063019199296832085 0.999978244304657";
    scale = "1.0 1.0 1.0";
    decalType = "Collision Mesh";
    collisionType = "Collision Mesh";
  };

  new TSStatic() {
    shapeName = "levels/hirochi_raceway/art/shapes/buildings/hr_plasticbarrier.dae";
    position = "38.0672607421875 -187.0520477294922 25.11631202697754";
    rotationMatrix = "-0.7361977100372314 0.6765579581260681 0.01680079475045204 -0.6762852072715759 -0.7363834977149963 0.019433017820119858 0.025519391521811485 0.002944414969533682 0.9996699690818787";
    scale = "1.0 1.0 1.0";
    decalType = "Collision Mesh";
    collisionType = "Collision Mesh";
  };

  new TSStatic() {
    shapeName = "levels/hirochi_raceway/art/shapes/buildings/hr_plasticbarrier.dae";
    position = "35.95770263671875 -185.11834716796875 25.136695861816406";
    rotationMatrix = "-0.7356188297271729 0.6773661971092224 -0.006324665620923042 -0.6770381927490234 -0.7348952293395996 0.0393485389649868 0.02200540341436863 0.03322756662964821 0.9992055296897888";
    scale = "1.0 1.0 1.0";
    decalType = "Collision Mesh";
    collisionType = "Collision Mesh";
  };

  new TSStatic() {
    shapeName = "levels/hirochi_raceway/art/shapes/buildings/hr_plasticbarrier.dae";
    position = "40.2044677734375 -188.96559143066406 25.089509963989258";
    rotationMatrix = "-0.7518832087516785 0.6592907309532166 0.0027295316103845835 -0.6592931747436523 -0.7518859505653381 -8.21985122456681e-06 0.002046877285465598 -0.0018057420384138823 0.9999963045120239";
    scale = "1.0 1.0 1.0";
    decalType = "Collision Mesh";
    collisionType = "Collision Mesh";
  };

  new TSStatic() {
    shapeName = "levels/hirochi_raceway/art/shapes/buildings/hr_plasticbarrier.dae";
    position = "42.364288330078125 -190.84300231933594 25.08046531677246";
    rotationMatrix = "-0.7532983422279358 0.657670795917511 0.003287574741989374 -0.6576749086380005 -0.7533018589019775 -0.00024512881645932794 0.0023153219372034073 -0.002346810419112444 0.9999945759773254";
    scale = "1.0 1.0 1.0";
    decalType = "Collision Mesh";
    collisionType = "Collision Mesh";
  };

  new TSStatic() {
    shapeName = "levels/hirochi_raceway/art/shapes/buildings/hr_plasticbarrier.dae";
    position = "55.14813232421875 -202.42312622070312 25.06940269470215";
