//--- OBJECT WRITE BEGIN ---
$ThisPrefab = new SimGroup() {
  canSave = "1";
  canSaveDynamicFields = "1";
  groupPosition = "0 0 0";

  new TSStatic() {
    shapeName = "levels/hirochi_raceway/art/shapes/buildings/hr_plasticbarrier_red.dae";
    position = "-373.1519775390625 230.09494018554688 25.00120735168457";
    rotationMatrix = "0.6703820824623108 -0.7420159578323364 0.00041238046833314 0.7420157790184021 0.6703822612762451 0.0005388967110775411 -0.0006763224955648184 -5.527391112991609e-05 0.9999997615814209";
    scale = "1.0 1.0 1.0";
    decalType = "Collision Mesh";
    collisionType = "Collision Mesh";
  };

  new TSStatic() {
    shapeName = "levels/hirochi_raceway/art/shapes/buildings/hr_plasticbarrier_red.dae";
    position = "-375.059814453125 232.2278289794922 25.024700164794922";
    rotationMatrix = "0.6699716448783875 -0.7423835396766663 -0.002166016958653927 0.7423861026763916 0.6699645519256592 0.0032289752271026373 -0.0009459835710003972 -0.0037713428027927876 0.9999924302101135";
    scale = "1.0 1.0 1.0";
    decalType = "Collision Mesh";
    collisionType = "Collision Mesh";
  };

  new TSStatic() {
    shapeName = "levels/hirochi_raceway/art/shapes/buildings/hr_plasticbarrier_red.dae";
    position = "-378.9844970703125 236.40342712402344 25.023944854736328";
    rotationMatrix = "0.6894844770431519 -0.7242972254753113 0.0021552913822233677 0.7242921590805054 0.6894877552986145 0.002736277412623167 -0.003467925125733018 -0.0003255602205172181 0.9999939203262329";
    scale = "1.0 1.0 1.0";
    decalType = "Collision Mesh";
    collisionType = "Collision Mesh";
  };

  new TSStatic() {
    shapeName = "levels/hirochi_raceway/art/shapes/buildings/hr_plasticbarrier_red.dae";
    position = "-377.00628662109375 234.301513671875 25.02847671508789";
    rotationMatrix = "0.6826831698417664 -0.7307144999504089 3.9447328163078055e-05 0.7307100892066956 0.6826791763305664 0.003455508965998888 -0.0025519204791635275 -0.0023301932960748672 0.9999940395355225";
    scale = "1.0 1.0 1.0";
    decalType = "Collision Mesh";
    collisionType = "Collision Mesh";
  };

  new TSStatic() {
    shapeName = "levels/hirochi_raceway/art/shapes/buildings/hr_plasticbarrier_red.dae";
    position = "-382.96923828125 240.53175354003906 25.010347366333008";
    rotationMatrix = "0.7010366916656494 -0.7131210565567017 0.0024242145009338856 0.7131214737892151 0.7010399699211121 0.0008401655359193683 -0.002298610983416438 0.0011397725902497768 0.9999967217445374";
    scale = "1.0 1.0 1.0";
    decalType = "Collision Mesh";
    collisionType = "Collision Mesh";
  };

  new TSStatic() {
    shapeName = "levels/hirochi_raceway/art/shapes/buildings/hr_plasticbarrier_red.dae";
    position = "-384.9978942871094 242.58505249023438 25.009260177612305";
    rotationMatrix = "0.7070068717002869 -0.7072040438652039 -0.001942623988725245 0.7072054147720337 0.7070081233978271 2.7867959943250753e-05 0.001353742554783821 -0.0013935370370745659 0.9999980926513672";
    scale = "1.0 1.0 1.0";
    decalType = "Collision Mesh";
    collisionType = "Collision Mesh";
  };

  new TSStatic() {
    shapeName = "levels/hirochi_raceway/art/shapes/buildings/hr_plasticbarrier_red.dae";
    position = "-380.97265625 238.5061798095703 25.013635635375977";
    rotationMatrix = "0.6892305016517639 -0.7245362997055054 0.002903672866523266 0.7245200276374817 0.6892352104187012 0.0050560664385557175 -0.0056646172888576984 -0.001381025998853147 0.999983012676239";
    scale = "1.0 1.0 1.0";
    decalType = "Collision Mesh";
    collisionType = "Collision Mesh";
  };

  new TSStatic() {
    shapeName = "levels/hirochi_raceway/art/shapes/buildings/hr_plasticbarrier_red.dae";
    position = "-387.0470275878906 244.6059112548828 25.01829719543457";
    rotationMatrix = "0.7174795269966125 -0.696564793586731 -0.004539911635220051 0.6965773701667786 0.7174784541130066 0.002146359533071518 0.0017622101586312056 -0.004702368751168251 0.9999873638153076";
    scale = "1.0 1.0 1.0";
    decalType = "Collision Mesh";
    collisionType = "Collision Mesh";
  };

  new TSStatic() {
    shapeName = "levels/hirochi_raceway/art/shapes/buildings/hr_plasticbarrier_red.dae";
    position = "-391.2325439453125 248.5199737548828 25.00528335571289";
    rotationMatrix = "0.7360264658927917 -0.6769509315490723 -0.0015756213106215 0.6769473552703857 0.7360278964042664 -0.002277340507134795 0.002701349090784788 0.0006095701828598976 0.9999961853027344";
    scale = "1.0 1.0 1.0";
    decalType = "Collision Mesh";
    collisionType = "Collision Mesh";
  };

  new TSStatic() {
    shapeName = "levels/hirochi_raceway/art/shapes/buildings/hr_plasticbarrier_red.dae";
    position = "-389.12310791015625 246.5498504638672 25.0031681060791";
    rotationMatrix = "0.7292318344116211 -0.6842667460441589 0.00010102656960953027 0.6842630505561829 0.7292283773422241 0.0031815054826438427 -0.0022506697569042444 -0.002250926336273551 0.9999949336051941";
    scale = "1.0 1.0 1.0";
    decalType = "Collision Mesh";
    collisionType = "Collision Mesh";
  };

  new TSStatic() {
    shapeName = "levels/hirochi_raceway/art/shapes/buildings/hr_plasticbarrier_red.dae";
    position = "-387.4390563964844 430.7572021484375 32.33024597167969";
    rotationMatrix = "-0.7950519323348999 0.6015567183494568 0.07760113477706909 -0.6005163788795471 -0.798673689365387 0.03873469680547714 0.08527910709381104 -0.015804657712578773 0.996231734752655";
    scale = "1.0 1.0 1.0";
    decalType = "Collision Mesh";
    collisionType = "Collision Mesh";
  };

  new TSStatic() {
    shapeName = "levels/hirochi_raceway/art/shapes/buildings/hr_plasticbarrier_red.dae";
    position = "-385.1318664550781 429.0228271484375 32.07718276977539";
    rotationMatrix = "-0.7986553311347961 0.5942619442939758 0.09488125145435333 -0.5937975645065308 -0.8038021922111511 0.036145180463790894 0.09774546325206757 -0.027472713962197304 0.9948321580886841";
    scale = "1.0 1.0 1.0";
    decalType = "Collision Mesh";
    collisionType = "Collision Mesh";
  };

  new TSStatic() {
    shapeName = "levels/hirochi_raceway/art/shapes/buildings/hr_plasticbarrier_red.dae";
    position = "-389.71038818359375 432.4689025878906 32.535308837890625";
    rotationMatrix = "-0.786189079284668 0.6144833564758301 0.06570369750261307 -0.6132758259773254 -0.7888764142990112 0.039581868797540665 0.07615449279546738 -0.00917565543204546 0.9970538020133972";
    scale = "1.0 1.0 1.0";
    decalType = "Collision Mesh";
    collisionType = "Collision Mesh";
  };

  new TSStatic() {
    shapeName = "levels/hirochi_raceway/art/shapes/buildings/hr_plasticbarrier_red.dae";
    position = "-382.84576416015625 427.30157470703125 31.8000545501709";
    rotationMatrix = "-0.7977117896080017 0.5952269434928894 0.09675121307373047 -0.5952645540237427 -0.802906334400177 0.03164707124233246 0.0965193435549736 -0.03234732523560524 0.9948053359985352";
    scale = "1.0 1.0 1.0";
    decalType = "Collision Mesh";
    collisionType = "Collision Mesh";
  };

  new TSStatic() {
    shapeName = "levels/hirochi_raceway/art/shapes/buildings/hr_plasticbarrier_red.dae";
    position = "-378.1839599609375 423.9689025878906 31.206008911132812";
    rotationMatrix = "-0.8121032118797302 0.5745168924331665 0.10207219421863556 -0.5759557485580444 -0.8172883987426758 0.017737284302711487 0.09361279010772705 -0.044384561479091644 0.994618833065033";
    scale = "1.0 1.0 1.0";
    decalType = "Collision Mesh";
    collisionType = "Collision Mesh";
  };

  new TSStatic() {
    shapeName = "levels/hirochi_raceway/art/shapes/buildings/hr_plasticbarrier_red.dae";
    position = "-380.5330810546875 425.6460266113281 31.508277893066406";
    rotationMatrix = "-0.8070045113563538 0.5815187692642212 0.10285718739032745 -0.5826447010040283 -0.8124330043792725 0.02185680903494358 0.0962747186422348 -0.04229065403342247 0.9944559931755066";
    scale = "1.0 1.0 1.0";
    decalType = "Collision Mesh";
    collisionType = "Collision Mesh";
  };

  new TSStatic() {
    shapeName = "levels/hirochi_raceway/art/shapes/buildings/hr_plasticbarrier_red.dae";
    position = "-373.47247314453125 420.6943054199219 30.64365005493164";
    rotationMatrix = "-0.8222086429595947 0.5621614456176758 0.08914827555418015 -0.5641021728515625 -0.8256949186325073 0.0040848772041499615 0.07590563595294952 -0.046930115669965744 0.9960100054740906";
    scale = "1.0 1.0 1.0";
    decalType = "Collision Mesh";
    collisionType = "Collision Mesh";
  };

  new TSStatic() {
    shapeName = "levels/hirochi_raceway/art/shapes/buildings/hr_plasticbarrier_red.dae";
    position = "-371.083251953125 419.0746765136719 30.416481018066406";
    rotationMatrix = "-0.8279216289520264 0.5558392405509949 0.07475584000349045 -0.5573128461837769 -0.8303014636039734 0.0013751275837421417 0.062834233045578 -0.040523890405893326 0.9972009062767029";
    scale = "1.0 1.0 1.0";
    decalType = "Collision Mesh";
    collisionType = "Collision Mesh";
  };

  new TSStatic() {
    shapeName = "levels/hirochi_raceway/art/shapes/buildings/hr_plasticbarrier_red.dae";
    position = "-375.82476806640625 422.29290771484375 30.905250549316406";
    rotationMatrix = "-0.8120052814483643 0.5752683877944946 0.09855815023183823 -0.5770713090896606 -0.8166056275367737 0.011997289955615997 0.08738480508327484 -0.04713321849703789 0.9950589537620544";
    scale = "1.0 1.0 1.0";
    decalType = "Collision Mesh";
    collisionType = "Collision Mesh";
  };

  new TSStatic() {
    shapeName = "levels/hirochi_raceway/art/shapes/buildings/hr_plasticbarrier_red.dae";
    position = "-368.6802062988281 417.49090576171875 30.230623245239258";
    rotationMatrix = "-0.8373766541481018 0.5437218546867371 0.056274961680173874 -0.5452470183372498 -0.8381344676017761 -0.015373225323855877 0.038807228207588196 -0.04355693608522415 0.9982969164848328";
    scale = "1.0 1.0 1.0";
    decalType = "Collision Mesh";
    collisionType = "Collision Mesh";
  };

  new TSStatic() {
    shapeName = "levels/hirochi_raceway/art/shapes/buildings/hr_plasticbarrier_red.dae";
    position = "-363.8134460449219 414.4654541015625 29.94672203063965";
    rotationMatrix = "-0.8524097800254822 0.5212414264678955 0.041290685534477234 -0.5225591659545898 -0.8519769906997681 -0.0326671376824379 0.01815124973654747 -0.04942261427640915 0.9986129999160767";
    scale = "1.0 1.0 1.0";
    decalType = "Collision Mesh";
    collisionType = "Collision Mesh";
  };

  new TSStatic() {
    shapeName = "levels/hirochi_raceway/art/shapes/buildings/hr_plasticbarrier_red.dae";
    position = "-366.26568603515625 415.9878234863281 30.081100463867188";
    rotationMatrix = "-0.846670389175415 0.5295163989067078 0.0525512732565403 -0.5311539769172668 -0.8469465970993042 -0.023600485175848007 0.032011277973651886 -0.04789464920759201 0.9983392953872681";
    scale = "1.0 1.0 1.0";
    decalType = "Collision Mesh";
    collisionType = "Collision Mesh";
  };

  new TSStatic() {
    shapeName = "levels/hirochi_raceway/art/shapes/buildings/hr_plasticbarrier_red.dae";
    position = "-394.1299133300781 436.2198791503906 32.87120819091797";
    rotationMatrix = "-0.7372980117797852 0.6741479635238647 0.04377378150820732 -0.672994077205658 -0.7385962009429932 0.03942815214395523 0.058911558240652084 -0.0003891964734066278 0.9982631206512451";
    scale = "1.0 1.0 1.0";
    decalType = "Collision Mesh";
    collisionType = "Collision Mesh";
  };

  new TSStatic() {
    shapeName = "levels/hirochi_raceway/art/shapes/buildings/hr_plasticbarrier_red.dae";
    position = "-391.9934387207031 434.2791442871094 32.73678970336914";
    rotationMatrix = "-0.7438240647315979 0.6666185855865479 0.04842933639883995 -0.6654232144355774 -0.7453948855400085 0.03998059034347534 0.06275077909231186 -0.0024874787777662277 0.9980261325836182";
    scale = "1.0 1.0 1.0";
    decalType = "Collision Mesh";
    collisionType = "Collision Mesh";
  };

  new TSStatic() {
    shapeName = "levels/hirochi_raceway/art/shapes/buildings/hr_plasticbarrier_red.dae";
    position = "-396.2327575683594 438.1348876953125 32.98370361328125";
    rotationMatrix = "-0.7259955406188965 0.686663806438446 0.03772607818245888 -0.6857144832611084 -0.7269750237464905 0.03609636798501015 0.05221198871731758 0.0003364841395523399 0.9986359477043152";
    scale = "1.0 1.0 1.0";
    decalType = "Collision Mesh";
    collisionType = "Collision Mesh";
  };

  new TSStatic() {
    shapeName = "levels/hirochi_raceway/art/shapes/buildings/hr_plasticbarrier_red.dae";
    position = "-402.3910217285156 444.14990234375 33.336814880371094";
    rotationMatrix = "-0.6983218193054199 0.7147833108901978 0.03783421963453293 -0.7143194675445557 -0.6992983222007751 0.0270104818046093 0.045764047652482986 -0.008163711987435818 0.998918890953064";
    scale = "1.0 1.0 1.0";
    decalType = "Collision Mesh";
    collisionType = "Collision Mesh";
  };

  new TSStatic() {
    shapeName = "levels/hirochi_raceway/art/shapes/buildings/hr_plasticbarrier_red.dae";
    position = "-398.3097229003906 440.1271667480469 33.0995979309082";
    rotationMatrix = "-0.7156292796134949 0.6973680853843689 0.039402034133672714 -0.6965211033821106 -0.7167077660560608 0.03447097912430763 0.052278704941272736 -0.002775908913463354 0.9986286759376526";
    scale = "1.0 1.0 1.0";
    decalType = "Collision Mesh";
    collisionType = "Collision Mesh";
  };

  new TSStatic() {
    shapeName = "levels/hirochi_raceway/art/shapes/buildings/hr_plasticbarrier_red.dae";
    position = "-400.3666076660156 442.1521911621094 33.221248626708984";
    rotationMatrix = "-0.7097717523574829 0.7031850814819336 0.04189058020710945 -0.7025229930877686 -0.7109705805778503 0.03134222328662872 0.051822349429130554 -0.0071832709945738316 0.9986304640769958";
    scale = "1.0 1.0 1.0";
    decalType = "Collision Mesh";
    collisionType = "Collision Mesh";
  };

  new TSStatic() {
    shapeName = "levels/hirochi_raceway/art/shapes/buildings/hr_plasticbarrier_red.dae";
    position = "-406.41522216796875 448.29925537109375 33.493160247802734";
    rotationMatrix = "-0.692572295665741 0.7210140228271484 0.021963167935609818 -0.7212346792221069 -0.6926828026771545 -0.003331356216222048 0.012811553664505482 -0.018147803843021393 0.9997532367706299";
    scale = "1.0 1.0 1.0";
    decalType = "Collision Mesh";
    collisionType = "Collision Mesh";
  };

  new TSStatic() {
    shapeName = "levels/hirochi_raceway/art/shapes/buildings/hr_plasticbarrier_red.dae";
    position = "-404.40814208984375 446.22491455078125 33.433494567871094";
    rotationMatrix = "-0.699131190776825 0.7145830988883972 0.024219756945967674 -0.7144898772239685 -0.6995089650154114 0.013835969381034374 0.026828886941075325 -0.007631614338606596 0.9996109008789062";
    scale = "1.0 1.0 1.0";
    decalType = "Collision Mesh";
    collisionType = "Collision Mesh";
  };

  new TSStatic() {
    shapeName = "levels/hirochi_raceway/art/shapes/buildings/hr_plasticbarrier_red.dae";
    position = "-408.3902893066406 450.3457946777344 33.5402946472168";
    rotationMatrix = "-0.6801819205284119 0.7326911091804504 0.02272137440741062 -0.7330429553985596 -0.6798232197761536 -0.022100025787949562 -0.0007459757034666836 -0.03168778121471405 0.9994975328445435";
    scale = "1.0 1.0 1.0";
    decalType = "Collision Mesh";
    collisionType = "Collision Mesh";
  };

  new TSStatic() {
    shapeName = "levels/hirochi_raceway/art/shapes/buildings/hr_plasticbarrier_red.dae";
    position = "-414.2071533203125 456.66943359375 33.64302444458008";
    rotationMatrix = "-0.6626396775245667 0.7487528920173645 0.016664525493979454 -0.7472131252288818 -0.6594401597976685 -0.08253021538257599 -0.050805483013391495 -0.06713975220918655 0.9964492321014404";
    scale = "1.0 1.0 1.0";
    decalType = "Collision Mesh";
    collisionType = "Collision Mesh";
  };

  new TSStatic() {
    shapeName = "levels/hirochi_raceway/art/shapes/buildings/hr_plasticbarrier_red.dae";
    position = "-410.3274230957031 452.4520568847656 33.58301544189453";
    rotationMatrix = "-0.6807408928871155 0.7322873473167419 0.018627893179655075 -0.7322607040405273 -0.6795937418937683 -0.044120386242866516 -0.019649401307106018 -0.043675024062395096 0.998852550983429";
    scale = "1.0 1.0 1.0";
    decalType = "Collision Mesh";
    collisionType = "Collision Mesh";
  };

  new TSStatic() {
    shapeName = "levels/hirochi_raceway/art/shapes/buildings/hr_plasticbarrier_red.dae";
    position = "-412.2828369140625 454.5751647949219 33.604713439941406";
    rotationMatrix = "-0.6745195388793945 0.7381287217140198 0.013764276169240475 -0.7372790575027466 -0.6725495457649231 -0.06400515884160995 -0.037986885756254196 -0.05332084372639656 0.9978546500205994";
    scale = "1.0 1.0 1.0";
    decalType = "Collision Mesh";
    collisionType = "Collision Mesh";
  };

  new TSStatic() {
    shapeName = "levels/hirochi_raceway/art/shapes/buildings/hr_plasticbarrier_red.dae";
    position = "-175.7622833251953 207.0479736328125 32.01304244995117";
    rotationMatrix = "-0.4148733913898468 0.9098730087280273 0.0033392084296792746 -0.9098791480064392 -0.4148707091808319 -0.0014927515294402838 2.712544119276572e-05 -0.0036575791891664267 0.9999933242797852";
    scale = "1.0 1.0 1.0";
    decalType = "Collision Mesh";
    collisionType = "Collision Mesh";
  };

  new TSStatic() {
    shapeName = "levels/hirochi_raceway/art/shapes/buildings/hr_plasticbarrier_red.dae";
    position = "-174.55364990234375 204.42684936523438 32.02215576171875";
    rotationMatrix = "-0.4224613904953003 0.9063728451728821 -0.0038195995148271322 -0.9063736796379089 -0.4224710762500763 -0.002208398189395666 -0.003615302499383688 0.0025290215853601694 0.9999902844429016";
    scale = "1.0 1.0 1.0";
    decalType = "Collision Mesh";
    collisionType = "Collision Mesh";
  };

  new TSStatic() {
    shapeName = "levels/hirochi_raceway/art/shapes/buildings/hr_plasticbarrier_red.dae";
    position = "-176.95022583007812 209.63211059570312 32.02023696899414";
    rotationMatrix = "-0.4002965986728668 0.916343092918396 0.008832552470266819 -0.9163810610771179 -0.4002456068992615 -0.007012309972196817 -0.0028904913924634457 -0.010900987312197685 0.9999364018440247";
    scale = "1.0 1.0 1.0";
    decalType = "Collision Mesh";
    collisionType = "Collision Mesh";
  };

  new TSStatic() {
    shapeName = "levels/hirochi_raceway/art/shapes/buildings/hr_plasticbarrier_red.dae";
    position = "-173.3572235107422 201.82730102539062 32.032718658447266";
    rotationMatrix = "-0.42199423909187317 0.9065828323364258 -0.00533323734998703 -0.9065862894058228 -0.42201176285743713 -0.0027047235053032637 -0.004702744539827108 0.003693662118166685 0.9999821186065674";
    scale = "1.0 1.0 1.0";
    decalType = "Collision Mesh";
    collisionType = "Collision Mesh";
  };

  new TSStatic() {
    shapeName = "levels/hirochi_raceway/art/shapes/buildings/hr_plasticbarrier_red.dae";
    position = "-170.8336181640625 196.68235778808594 32.02937698364258";
    rotationMatrix = "-0.4460597038269043 0.8950031995773315 4.023313522338867e-06 -0.8950011730194092 -0.4460586607456207 -0.0021429085172712803 -0.0019161154050379992 -0.00095946597866714 0.9999976754188538";
    scale = "1.0 1.0 1.0";
    decalType = "Collision Mesh";
    collisionType = "Collision Mesh";
  };

  new TSStatic() {
    shapeName = "levels/hirochi_raceway/art/shapes/buildings/hr_plasticbarrier_red.dae";
    position = "-172.10638427734375 199.27294921875 32.034996032714844";
    rotationMatrix = "-0.4376368820667267 0.8991513848304749 -0.0008851064485497773 -0.8991494178771973 -0.4376377761363983 -0.0018808573950082064 -0.0020785315427929163 -2.7289610443403944e-05 0.9999978542327881";
    scale = "1.0 1.0 1.0";
    decalType = "Collision Mesh";
    collisionType = "Collision Mesh";
  };

  new TSStatic() {
    shapeName = "levels/hirochi_raceway/art/shapes/buildings/hr_plasticbarrier_red.dae";
    position = "-168.2386474609375 191.5649871826172 32.00132751464844";
    rotationMatrix = "-0.4603775441646576 0.8877207040786743 0.0021268425043672323 -0.8877230882644653 -0.46037757396698 -0.0005049853934906423 0.0005308646359480917 -0.002120531164109707 0.999997615814209";
    scale = "1.0 1.0 1.0";
    decalType = "Collision Mesh";
    collisionType = "Collision Mesh";
  };

  new TSStatic() {
    shapeName = "levels/hirochi_raceway/art/shapes/buildings/hr_plasticbarrier_red.dae";
    position = "-166.90333557128906 189.00601196289062 31.996562957763672";
    rotationMatrix = "-0.4677882194519043 0.8838403224945068 -0.0006708353757858276 -0.8838402032852173 -0.46778714656829834 0.0012962891487404704 0.0008319044718518853 0.0011993000516667962 0.999998927116394";
    scale = "1.0 1.0 1.0";
    decalType = "Collision Mesh";
    collisionType = "Collision Mesh";
  };

  new TSStatic() {
    shapeName = "levels/hirochi_raceway/art/shapes/buildings/hr_plasticbarrier_red.dae";
    position = "-169.55148315429688 194.0880126953125 32.02473068237305";
    rotationMatrix = "-0.445663183927536 0.8952007293701172 -1.767277717590332e-05 -0.8951895833015442 -0.44565773010253906 -0.004974647890776396 -0.004461184144020081 -0.0022011969704180956 0.9999876022338867";
    scale = "1.0 1.0 1.0";
    decalType = "Collision Mesh";
    collisionType = "Collision Mesh";
  };

  new TSStatic() {
    shapeName = "levels/hirochi_raceway/art/shapes/buildings/hr_plasticbarrier_red.dae";
    position = "-165.53883361816406 186.47201538085938 31.993562698364258";
    rotationMatrix = "-0.48091092705726624 0.8767694234848022 0.0003066062927246094 -0.8767675757408142 -0.48091059923171997 0.0019018353195860982 0.0018149212701246142 0.0006457909476011992 0.999998152256012";
    scale = "1.0 1.0 1.0";
    decalType = "Collision Mesh";
    collisionType = "Collision Mesh";
  };

  new TSStatic() {
    shapeName = "levels/hirochi_raceway/art/shapes/buildings/hr_plasticbarrier_red.dae";
    position = "-162.68898010253906 181.5004119873047 31.988473892211914";
    rotationMatrix = "-0.5045543909072876 0.8633771538734436 -0.0021910069044679403 -0.8633798360824585 -0.5045536756515503 0.0009175911545753479 -0.0003132533747702837 0.0023546458687633276 0.9999971985816956";
    scale = "1.0 1.0 1.0";
    decalType = "Collision Mesh";
    collisionType = "Collision Mesh";
  };

  new TSStatic() {
    shapeName = "levels/hirochi_raceway/art/shapes/buildings/hr_plasticbarrier_red.dae";
    position = "-164.12596130371094 184.00364685058594 31.98834991455078";
    rotationMatrix = "-0.4957026243209839 0.8684877753257751 0.002810306614264846 -0.8684921264648438 -0.4957019090652466 -0.0010021701455116272 0.0005227018846198916 -0.0029375075828284025 0.9999955296516418";
    scale = "1.0 1.0 1.0";
    decalType = "Collision Mesh";
    collisionType = "Collision Mesh";
  };

  new TSStatic() {
    shapeName = "levels/hirochi_raceway/art/shapes/buildings/hr_plasticbarrier_red.dae";
    position = "267.5279541015625 -263.5498352050781 47.86009979248047";
    rotationMatrix = "0.4325714111328125 -0.8971782922744751 -0.08918008953332901 0.8969192504882812 0.4382811486721039 -0.05869809910655022 0.09174861758947372 -0.05459621921181679 0.9942843914031982";
    scale = "1.0 1.0 1.0";
    decalType = "Collision Mesh";
    collisionType = "Collision Mesh";
  };

  new TSStatic() {
    shapeName = "levels/hirochi_raceway/art/shapes/buildings/hr_plasticbarrier_red.dae";
    position = "264.9543762207031 -258.42962646484375 48.345577239990234";
    rotationMatrix = "0.4558973014354706 -0.886732816696167 -0.07656729966402054 0.8867608308792114 0.4599069356918335 -0.04626918211579323 0.07624223083257675 -0.04680288955569267 0.9959902763366699";
    scale = "1.0 1.0 1.0";
    decalType = "Collision Mesh";
    collisionType = "Collision Mesh";
  };

  new TSStatic() {
    shapeName = "levels/hirochi_raceway/art/shapes/buildings/hr_plasticbarrier_red.dae";
    position = "266.252197265625 -261.0079040527344 48.11019515991211";
    rotationMatrix = "0.4473048746585846 -0.8902537822723389 -0.08582857996225357 0.889792799949646 0.4526645839214325 -0.057995736598968506 0.09048248082399368 -0.0504278801381588 0.9946205019950867";
    scale = "1.0 1.0 1.0";
    decalType = "Collision Mesh";
    collisionType = "Collision Mesh";
  };

  new TSStatic() {
    shapeName = "levels/hirochi_raceway/art/shapes/buildings/hr_plasticbarrier_red.dae";
    position = "270.00677490234375 -268.7715759277344 47.37273406982422";
    rotationMatrix = "0.4253234565258026 -0.9012106657028198 -0.08318203687667847 0.9030042886734009 0.42873314023017883 -0.027770139276981354 0.060689643025398254 -0.06330244243144989 0.9961473345756531";
    scale = "1.0 1.0 1.0";
    decalType = "Collision Mesh";
    collisionType = "Collision Mesh";
  };

  new TSStatic() {
    shapeName = "levels/hirochi_raceway/art/shapes/buildings/hr_plasticbarrier_red.dae";
    position = "268.7720642089844 -266.16265869140625 47.6171989440918";
    rotationMatrix = "0.43337389826774597 -0.8968053460121155 -0.08903481811285019 0.898234486579895 0.437855064868927 -0.03818056359887123 0.07322487980127335 -0.06342767924070358 0.9952964782714844";
    scale = "1.0 1.0 1.0";
    decalType = "Collision Mesh";
    collisionType = "Collision Mesh";
  };

  new TSStatic() {
    shapeName = "levels/hirochi_raceway/art/shapes/buildings/hr_plasticbarrier_red.dae";
    position = "271.2201232910156 -271.3439025878906 47.14895248413086";
    rotationMatrix = "0.4100228548049927 -0.9087580442428589 -0.07771807163953781 0.9109402894973755 0.41227278113365173 -0.014795051887631416 0.04548616707324982 -0.0647302120923996 0.9968655705451965";
    scale = "1.0 1.0 1.0";
    decalType = "Collision Mesh";
    collisionType = "Collision Mesh";
  };

  new TSStatic() {
    shapeName = "levels/hirochi_raceway/art/shapes/buildings/hr_plasticbarrier_red.dae";
    position = "301.37200927734375 -269.8470153808594 45.996002197265625";
    rotationMatrix = "0.6513562202453613 -0.7526698112487793 -0.09603781253099442 0.7576620578765869 0.6520164012908936 0.02868496999144554 0.041027914732694626 -0.0914483368396759 0.9949643015861511";
    scale = "1.0 1.0 1.0";
    decalType = "Collision Mesh";
    collisionType = "Collision Mesh";
  };

  new TSStatic() {
    shapeName = "levels/hirochi_raceway/art/shapes/buildings/hr_plasticbarrier_red.dae";
    position = "299.48016357421875 -267.6670837402344 46.25303649902344";
    rotationMatrix = "0.6586811542510986 -0.7476891875267029 -0.08426143229007721 0.7518511414527893 0.6584033370018005 0.034999363124370575 0.029309362173080444 -0.08640547841787338 0.9958288073539734";
    scale = "1.0 1.0 1.0";
    decalType = "Collision Mesh";
    collisionType = "Collision Mesh";
  };

  new TSStatic() {
    shapeName = "levels/hirochi_raceway/art/shapes/buildings/hr_plasticbarrier_red.dae";
    position = "303.23358154296875 -271.9971923828125 45.715972900390625";
    rotationMatrix = "0.6393102407455444 -0.7629017233848572 -0.09624673426151276 0.767723560333252 0.640335202217102 0.023904377594590187 0.04339348152279854 -0.08917319774627686 0.9950703978538513";
    scale = "1.0 1.0 1.0";
    decalType = "Collision Mesh";
    collisionType = "Collision Mesh";
  };

  new TSStatic() {
    shapeName = "levels/hirochi_raceway/art/shapes/buildings/hr_plasticbarrier_red.dae";
    position = "297.60601806640625 -265.50445556640625 46.51210403442383";
    rotationMatrix = "0.6579718589782715 -0.7483828663825989 -0.08364281803369522 0.7523221969604492 0.658132016658783 0.029555998742580414 0.032928816974163055 -0.08237336575984955 0.996057391166687";
    scale = "1.0 1.0 1.0";
    decalType = "Collision Mesh";
    collisionType = "Collision Mesh";
  };

  new TSStatic() {
    shapeName = "levels/hirochi_raceway/art/shapes/buildings/hr_plasticbarrier_red.dae";
    position = "293.74749755859375 -261.2677001953125 46.95350646972656";
    rotationMatrix = "0.6783037781715393 -0.7317252159118652 -0.06694935262203217 0.734460711479187 0.6778796911239624 0.03235025331377983 0.021712109446525574 -0.07111496478319168 0.9972317814826965";
    scale = "1.0 1.0 1.0";
    decalType = "Collision Mesh";
    collisionType = "Collision Mesh";
  };

  new TSStatic() {
    shapeName = "levels/hirochi_raceway/art/shapes/buildings/hr_plasticbarrier_red.dae";
    position = "295.69232177734375 -263.40045166015625 46.74346160888672";
    rotationMatrix = "0.6709258556365967 -0.7373607158660889 -0.07847101241350174 0.7409219741821289 0.6708815097808838 0.03086487576365471 0.02988620661199093 -0.0788489356637001 0.9964385032653809";
    scale = "1.0 1.0 1.0";
    decalType = "Collision Mesh";
    collisionType = "Collision Mesh";
  };

  new TSStatic() {
    shapeName = "levels/hirochi_raceway/art/shapes/buildings/hr_plasticbarrier_red.dae";
    position = "289.82806396484375 -257.0773010253906 47.27204132080078";
    rotationMatrix = "0.6905536651611328 -0.721461296081543 -0.051276035606861115 0.7230506539344788 0.6903863549232483 0.023758139461278915 0.018259698525071144 -0.053481440991163254 0.9984018802642822";
    scale = "1.0 1.0 1.0";
    decalType = "Collision Mesh";
    collisionType = "Collision Mesh";
  };

  new TSStatic() {
    shapeName = "levels/hirochi_raceway/art/shapes/buildings/hr_plasticbarrier_red.dae";
    position = "287.8319091796875 -254.9923858642578 47.41511535644531";
    rotationMatrix = "0.6972948908805847 -0.7153581380844116 -0.04519520327448845 0.7165845632553101 0.6972020864486694 0.02039082534611225 0.01692344807088375 -0.04660460352897644 0.9987700581550598";
    scale = "1.0 1.0 1.0";
    decalType = "Collision Mesh";
    collisionType = "Collision Mesh";
  };

  new TSStatic() {
    shapeName = "levels/hirochi_raceway/art/shapes/buildings/hr_plasticbarrier_red.dae";
    position = "291.79254150390625 -259.1340026855469 47.13593292236328";
    rotationMatrix = "0.6781796813011169 -0.7323789596557617 -0.0607728436589241 0.7346386909484863 0.6778087615966797 0.029686443507671356 0.019450640305876732 -0.06477882713079453 0.9977100491523743";
    scale = "1.0 1.0 1.0";
    decalType = "Collision Mesh";
    collisionType = "Collision Mesh";
  };

  new TSStatic() {
    shapeName = "levels/hirochi_raceway/art/shapes/buildings/hr_plasticbarrier_red.dae";
    position = "400.72979736328125 -80.88735961914062 29.547969818115234";
    rotationMatrix = "-0.20890812575817108 -0.9736238718032837 0.09172782301902771 0.9762783050537109 -0.20217680931091309 0.07749342173337936 -0.056904204189777374 0.10574088990688324 0.9927642345428467";
    scale = "1.0 1.0 1.0";
    decalType = "Collision Mesh";
    collisionType = "Collision Mesh";
  };

  new TSStatic() {
    shapeName = "levels/hirochi_raceway/art/shapes/buildings/hr_plasticbarrier_red.dae";
    position = "401.31866455078125 -78.06175231933594 29.313201904296875";
    rotationMatrix = "-0.1973300576210022 -0.9777653813362122 0.07096298784017563 0.9800601005554199 -0.19503603875637054 0.03798927366733551 -0.023304255679249763 0.07704441994428635 0.9967552423477173";
    scale = "1.0 1.0 1.0";
    decalType = "Collision Mesh";
    collisionType = "Collision Mesh";
  };

  new TSStatic() {
    shapeName = "levels/hirochi_raceway/art/shapes/buildings/hr_plasticbarrier_red.dae";
    position = "400.14605712890625 -83.67097473144531 29.829729080200195";
    rotationMatrix = "-0.22580702602863312 -0.968650758266449 0.10357075184583664 0.9727604389190674 -0.21848057210445404 0.07748109847307205 -0.052423927932977676 0.11824531108140945 0.9915996193885803";
    scale = "1.0 1.0 1.0";
    decalType = "Collision Mesh";
    collisionType = "Collision Mesh";
  };

  new TSStatic() {
    shapeName = "levels/hirochi_raceway/art/shapes/buildings/hr_plasticbarrier_red.dae";
    position = "398.08587646484375 -92.02920532226562 30.673965454101562";
    rotationMatrix = "-0.26064446568489075 -0.9620748162269592 0.08047686517238617 0.9652560949325562 -0.2612931728363037 0.002548560965806246 0.01857614703476429 0.07834505289793015 0.9967532157897949";
    scale = "1.0 1.0 1.0";
    decalType = "Collision Mesh";
    collisionType = "Collision Mesh";
  };

  new TSStatic() {
    shapeName = "levels/hirochi_raceway/art/shapes/buildings/hr_plasticbarrier_red.dae";
    position = "399.48260498046875 -86.47145080566406 30.149452209472656";
    rotationMatrix = "-0.24009950459003448 -0.965286135673523 0.10283417999744415 0.96953284740448 -0.23315022885799408 0.07514682412147522 -0.04856237396597862 0.1177438348531723 0.9918558597564697";
    scale = "1.0 1.0 1.0";
    decalType = "Collision Mesh";
    collisionType = "Collision Mesh";
  };

  new TSStatic() {
    shapeName = "levels/hirochi_raceway/art/shapes/buildings/hr_plasticbarrier_red.dae";
    position = "398.78070068359375 -89.271240234375 30.426025390625";
    rotationMatrix = "-0.24563896656036377 -0.9649845361709595 0.09201297163963318 0.9693602919578552 -0.24438820779323578 0.024798909202218056 -0.0014436780475080013 0.09528530389070511 0.9954489469528198";
    scale = "1.0 1.0 1.0";
    decalType = "Collision Mesh";
    collisionType = "Collision Mesh";
  };

  new TSStatic() {
    shapeName = "levels/hirochi_raceway/art/shapes/buildings/hr_plasticbarrier_red.dae";
    position = "396.55108642578125 -97.60195922851562 31.16653060913086";
    rotationMatrix = "-0.26906517148017883 -0.9592217803001404 0.08658802509307861 0.9628086686134338 -0.27018141746520996 -0.0012199431657791138 0.024564670398831367 0.08303945511579514 0.9962434768676758";
    scale = "1.0 1.0 1.0";
    decalType = "Collision Mesh";
    collisionType = "Collision Mesh";
  };

  new TSStatic() {
    shapeName = "levels/hirochi_raceway/art/shapes/buildings/hr_plasticbarrier_red.dae";
    position = "397.32073974609375 -94.82011413574219 30.92084312438965";
    rotationMatrix = "-0.26007625460624695 -0.9619398713111877 0.08385731279850006 0.9652968645095825 -0.2611483037471771 -0.0018862709403038025 0.023713674396276474 0.08045662194490433 0.9964759945869446";
    scale = "1.0 1.0 1.0";
    decalType = "Collision Mesh";
    collisionType = "Collision Mesh";
  };

  new TSStatic() {
    shapeName = "levels/hirochi_raceway/art/shapes/buildings/hr_plasticbarrier_red.dae";
    position = "395.78912353515625 -100.3421630859375 31.418283462524414";
    rotationMatrix = "-0.2858153283596039 -0.9542438387870789 0.08791091293096542 0.9580577611923218 -0.2865392863750458 0.004541351925581694 0.020856373012065887 0.08552172034978867 0.9961180090904236";
    scale = "1.0 1.0 1.0";
    decalType = "Collision Mesh";
    collisionType = "Collision Mesh";
  };

  new TSStatic() {
    shapeName = "levels/hirochi_raceway/art/shapes/buildings/hr_plasticbarrier_red.dae";
    position = "393.28985595703125 -108.56277465820312 32.207801818847656";
    rotationMatrix = "-0.30819860100746155 -0.9467490315437317 0.09316594153642654 0.951059103012085 -0.30893465876579285 0.006778063252568245 0.022365065291523933 0.09069530665874481 0.9956275224685669";
    scale = "1.0 1.0 1.0";
    decalType = "Collision Mesh";
    collisionType = "Collision Mesh";
  };

  new TSStatic() {
    shapeName = "levels/hirochi_raceway/art/shapes/buildings/hr_plasticbarrier_red.dae";
    position = "394.95648193359375 -103.08003234863281 31.6810245513916";
    rotationMatrix = "-0.28518253564834595 -0.9540441632270813 0.09203627705574036 0.9581899642944336 -0.28611505031585693 0.0031797660049051046 0.0232993271201849 0.08909504860639572 0.9957506060600281";
    scale = "1.0 1.0 1.0";
    decalType = "Collision Mesh";
    collisionType = "Collision Mesh";
  };

  new TSStatic() {
    shapeName = "levels/hirochi_raceway/art/shapes/buildings/hr_plasticbarrier_red.dae";
    position = "394.11859130859375 -105.84210205078125 31.948013305664062";
    rotationMatrix = "-0.2931899428367615 -0.9518170952796936 0.08991029858589172 0.9557457566261292 -0.29418501257896423 0.0022769381757825613 0.0242830328643322 0.0865989625453949 0.9959472417831421";
    scale = "1.0 1.0 1.0";
    decalType = "Collision Mesh";
    collisionType = "Collision Mesh";
  };

  new TSStatic() {
    shapeName = "levels/hirochi_raceway/art/shapes/buildings/hr_plasticbarrier_red.dae";
    position = "440.13067626953125 -26.772258758544922 28.638307571411133";
    rotationMatrix = "0.7989802360534668 -0.5989506840705872 0.05374608188867569 0.595173716545105 0.8003839254379272 0.0717904344201088 -0.08601643145084381 -0.0253708828240633 0.995970606803894";
    scale = "1.0 1.0 1.0";
    decalType = "Collision Mesh";
    collisionType = "Collision Mesh";
  };

  new TSStatic() {
    shapeName = "levels/hirochi_raceway/art/shapes/buildings/hr_plasticbarrier_red.dae";
    position = "437.81817626953125 -25.04495620727539 28.480255126953125";
    rotationMatrix = "0.8038603663444519 -0.5919356346130371 0.05848655477166176 0.5877007842063904 0.8055583238601685 0.0753898024559021 -0.09174023568630219 -0.026230281218886375 0.9954374432563782";
    scale = "1.0 1.0 1.0";
    decalType = "Collision Mesh";
    collisionType = "Collision Mesh";
  };

  new TSStatic() {
    shapeName = "levels/hirochi_raceway/art/shapes/buildings/hr_plasticbarrier_red.dae";
    position = "435.428466796875 -23.375164031982422 28.301044464111328";
    rotationMatrix = "0.8222876787185669 -0.5647977590560913 0.0696166381239891 0.5598273277282715 0.8248146176338196 0.07920998334884644 -0.10215844213962555 -0.026160094887018204 0.9944241046905518";
    scale = "1.0 1.0 1.0";
    decalType = "Collision Mesh";
    collisionType = "Collision Mesh";
  };

  new TSStatic() {
    shapeName = "levels/hirochi_raceway/art/shapes/buildings/hr_plasticbarrier_red.dae";
    position = "428.32464599609375 -18.318313598632812 27.650590896606445";
    rotationMatrix = "0.8271816372871399 -0.5562523603439331 0.07971107959747314 0.5501418709754944 0.8305417895317078 0.0868578776717186 -0.11451827734708786 -0.02799484133720398 0.993026614189148";
    scale = "1.0 1.0 1.0";
    decalType = "Collision Mesh";
    collisionType = "Collision Mesh";
  };

  new TSStatic() {
    shapeName = "levels/hirochi_raceway/art/shapes/buildings/hr_plasticbarrier_red.dae";
    position = "430.73211669921875 -19.962451934814453 27.89775276184082";
    rotationMatrix = "0.8086584806442261 -0.5837081670761108 0.07318658381700516 0.5779756307601929 0.811505138874054 0.08604378253221512 -0.1096157431602478 -0.027279969304800034 0.9935995936393738";
    scale = "1.0 1.0 1.0";
    decalType = "Collision Mesh";
    collisionType = "Collision Mesh";
  };

  new TSStatic() {
    shapeName = "levels/hirochi_raceway/art/shapes/buildings/hr_plasticbarrier_red.dae";
    position = "433.0628662109375 -21.664928436279297 28.102895736694336";
    rotationMatrix = "0.8037675619125366 -0.5908040404319763 0.07005904614925385 0.5854135155677795 0.8063824772834778 0.08389469236135483 -0.10605970770120621 -0.026418320834636688 0.9940087795257568";
    scale = "1.0 1.0 1.0";
    decalType = "Collision Mesh";
    collisionType = "Collision Mesh";
  };

  new TSStatic() {
    shapeName = "levels/hirochi_raceway/art/shapes/buildings/hr_plasticbarrier_red.dae";
    position = "249.14569091796875 110.29615783691406 25.025699615478516";
    rotationMatrix = "0.6148824095726013 -0.7886167764663696 -0.00179385207593441 0.7886183261871338 0.6148829460144043 0.000320473569445312 0.0008502781856805086 -0.0016117182094603777 0.9999983310699463";
    scale = "1.0 1.0 1.0";
    decalType = "Collision Mesh";
    collisionType = "Collision Mesh";
  };

  new TSStatic() {
    shapeName = "levels/hirochi_raceway/art/shapes/buildings/hr_plasticbarrier_red.dae";
    position = "247.36383056640625 112.51301574707031 25.039573669433594";
    rotationMatrix = "0.6280257105827332 -0.7781673073768616 -0.006275750230997801 0.7781922221183777 0.628013014793396 0.004069826565682888 0.0007742467569187284 -0.007439695298671722 0.9999720454216003";
    scale = "1.0 1.0 1.0";
    decalType = "Collision Mesh";
