//--- OBJECT WRITE BEGIN ---
$ThisPrefab = new SimGroup() {
   canSave = "1";
   canSaveDynamicFields = "1";
      groupPosition = "0.000000 0.000000 0.000000";

   new TSStatic() {
      shapeName = "levels/hirochi_raceway/art/shapes/objects/concrete_tube.dae";
      dynamic = "0";
      playAmbient = "1";
      meshCulling = "0";
      originSort = "0";
      useInstanceRenderData = "0";
      instanceColor = "White";
      collisionType = "Collision Mesh";
      decalType = "Visible Mesh Final";
      prebuildCollisionData = "0";
      renderNormals = "0";
      forceDetail = "-1";
      position = "-223.798904 -132.139908 35.0165672";
      scale = "0.961863339 0.961863339 0.961863458";
      rotationMatrix = "0.952462435 0.304656118 -1.94478567e-08 -0.0553476252 0.173036247 0.983359098 0.299586385 -0.936612546 0.181672513";
      isRenderEnabled = "false";
      mode = "Ignore";
      canSave = "1";
      canSaveDynamicFields = "1";
   };
   new TSStatic() {
      shapeName = "levels/hirochi_raceway/art/shapes/objects/concrete_tube.dae";
      dynamic = "0";
      playAmbient = "1";
      meshCulling = "0";
      originSort = "0";
      useInstanceRenderData = "0";
      instanceColor = "White";
      collisionType = "Collision Mesh";
      decalType = "Visible Mesh Final";
      prebuildCollisionData = "0";
      renderNormals = "0";
      forceDetail = "-1";
      position = "-221.782516 -138.20929 35.6256828";
      scale = "0.961863339 0.961863339 0.961863518";
      rotationMatrix = "-0.965561986 -0.260173082 -8.74227766e-08 -0.160487786 0.595607221 -0.787080467 0.204777196 -0.759974957 -0.616850317";
      isRenderEnabled = "false";
      mode = "Ignore";
      canSave = "1";
      canSaveDynamicFields = "1";
   };
   new TSStatic() {
      shapeName = "levels/hirochi_raceway/art/shapes/objects/concrete_tube.dae";
      dynamic = "0";
      playAmbient = "1";
      meshCulling = "0";
      originSort = "0";
      useInstanceRenderData = "0";
      instanceColor = "White";
      collisionType = "Collision Mesh";
      decalType = "Visible Mesh Final";
      prebuildCollisionData = "0";
      renderNormals = "0";
      forceDetail = "-1";
      position = "-221.112152 -140.815216 36.2716484";
      scale = "0.961863339 0.961863339 0.961863458";
      rotationMatrix = "-0.947092593 -0.319950581 0.0254409183 0.255512446 -0.703625977 0.663041353 -0.194239587 0.634462059 0.748150349";
      isRenderEnabled = "false";
      mode = "Ignore";
      canSave = "1";
      canSaveDynamicFields = "1";
   };
   new TSStatic() {
      shapeName = "levels/hirochi_raceway/art/shapes/objects/concrete_tube.dae";
      dynamic = "0";
      playAmbient = "1";
      meshCulling = "0";
      originSort = "0";
      useInstanceRenderData = "0";
      instanceColor = "White";
      collisionType = "Collision Mesh";
      decalType = "Visible Mesh Final";
      prebuildCollisionData = "0";
      renderNormals = "0";
      forceDetail = "-1";
      position = "-221.576447 -139.438583 36.4310036";
      scale = "1 1 1";
      rotationMatrix = "0.948157907 0.308907002 0.0746528357 -0.2436039 0.857314825 -0.453506857 -0.204092413 0.411810368 0.88812077";
      isRenderEnabled = "false";
      mode = "Ignore";
      canSave = "1";
      canSaveDynamicFields = "1";
   };
   new TSStatic() {
      shapeName = "levels/hirochi_raceway/art/shapes/objects/concrete_tube.dae";
      dynamic = "0";
      playAmbient = "1";
      meshCulling = "0";
      originSort = "0";
      useInstanceRenderData = "0";
      instanceColor = "White";
      collisionType = "Collision Mesh";
      decalType = "Visible Mesh Final";
      prebuildCollisionData = "0";
      renderNormals = "0";
      forceDetail = "-1";
      position = "-222.363861 -136.055542 37.0488853";
      scale = "1 1 1";
      rotationMatrix = "-0.950901687 -0.308282614 0.0273468159 -0.0244345702 -0.0133038899 -0.999612927 0.308527082 -0.951201797 0.00511793885";
      isRenderEnabled = "false";
      mode = "Ignore";
      canSave = "1";
      canSaveDynamicFields = "1";
   };
   new TSStatic() {
      shapeName = "levels/hirochi_raceway/art/shapes/objects/concrete_tube.dae";
      dynamic = "0";
      playAmbient = "1";
      meshCulling = "0";
      originSort = "0";
      useInstanceRenderData = "0";
      instanceColor = "White";
      collisionType = "Collision Mesh";
      decalType = "Visible Mesh Final";
      prebuildCollisionData = "0";
      renderNormals = "0";
      forceDetail = "-1";
      position = "-222.759171 -134.728073 36.4099998";
      scale = "1 1 1";
      rotationMatrix = "-0.946916938 -0.321472675 0.00190988265 -0.296962589 0.876965582 0.377815604 -0.123132296 0.357192814 -0.925878882";
      isRenderEnabled = "false";
      mode = "Ignore";
      canSave = "1";
      canSaveDynamicFields = "1";
   };
   new TSStatic() {
      shapeName = "levels/hirochi_raceway/art/shapes/objects/concrete_tube.dae";
      dynamic = "0";
      playAmbient = "1";
      meshCulling = "0";
      originSort = "0";
      useInstanceRenderData = "0";
      instanceColor = "White";
      collisionType = "Collision Mesh";
      decalType = "Visible Mesh Final";
      prebuildCollisionData = "0";
      renderNormals = "0";
      forceDetail = "-1";
      position = "-222.137009 -136.782562 35.7177849";
      scale = "0.961863339 0.961863279 0.961863518";
      rotationMatrix = "-0.965561926 -0.260173261 3.89414367e-07 -0.185306415 0.687713027 -0.701934695 0.182624385 -0.677761495 -0.712241292";
      isRenderEnabled = "false";
      mode = "Ignore";
      canSave = "1";
      canSaveDynamicFields = "1";
   };
   new TSStatic() {
      shapeName = "levels/hirochi_raceway/art/shapes/objects/concrete_tube.dae";
      dynamic = "0";
      playAmbient = "1";
      meshCulling = "0";
      originSort = "0";
      useInstanceRenderData = "0";
      instanceColor = "White";
      collisionType = "Collision Mesh";
      decalType = "Visible Mesh Final";
      prebuildCollisionData = "0";
      renderNormals = "0";
      forceDetail = "-1";
      position = "-222.186417 -137.703873 37.042469";
      scale = "1 1 1";
      rotationMatrix = "-0.960920691 -0.276720166 0.00757278036 0.190932661 -0.682332039 -0.705668271 0.200439781 -0.676645398 0.708501875";
      isRenderEnabled = "false";
      mode = "Ignore";
      canSave = "1";
      canSaveDynamicFields = "1";
   };
   new TSStatic() {
      shapeName = "levels/hirochi_raceway/art/shapes/objects/concrete_tube.dae";
      dynamic = "0";
      playAmbient = "1";
      meshCulling = "0";
      originSort = "0";
      useInstanceRenderData = "0";
      instanceColor = "White";
      collisionType = "Collision Mesh";
      decalType = "Visible Mesh Final";
      prebuildCollisionData = "0";
      renderNormals = "0";
      forceDetail = "-1";
      position = "-223.116119 -133.455185 35.626194";
      scale = "0.961863339 0.961863399 0.961863339";
      rotationMatrix = "0.940470695 0.33895123 0.025039196 -0.29082799 0.764441669 0.575367689 0.175880581 -0.548398554 0.817511499";
      isRenderEnabled = "false";
      mode = "Ignore";
      canSave = "1";
      canSaveDynamicFields = "1";
   };
   new TSStatic() {
      shapeName = "levels/hirochi_raceway/art/shapes/objects/concrete_tube.dae";
      dynamic = "0";
      playAmbient = "1";
      meshCulling = "0";
      originSort = "0";
      useInstanceRenderData = "0";
      instanceColor = "White";
      collisionType = "Collision Mesh";
      decalType = "Visible Mesh Final";
      prebuildCollisionData = "0";
      renderNormals = "0";
      forceDetail = "-1";
      position = "-216.503525 -153.991577 35.8956757";
      scale = "0.961863339 0.961863339 0.961863339";
      rotationMatrix = "-0.873507857 -0.486165643 0.0250393581 -0.0663087592 0.0678674653 -0.995488405 0.482272893 -0.871227264 -0.0915198103";
      isRenderEnabled = "false";
      mode = "Ignore";
      canSave = "1";
      canSaveDynamicFields = "1";
   };
   new TSStatic() {
      shapeName = "levels/hirochi_raceway/art/shapes/objects/concrete_tube.dae";
      dynamic = "0";
      playAmbient = "1";
      meshCulling = "0";
      originSort = "0";
      useInstanceRenderData = "0";
      instanceColor = "White";
      collisionType = "Collision Mesh";
      decalType = "Visible Mesh Final";
      prebuildCollisionData = "0";
      renderNormals = "0";
      forceDetail = "-1";
      position = "-217.30307 -151.790909 35.7677498";
      scale = "0.961863399 0.961863339 0.961863399";
      rotationMatrix = "0.926907301 0.375290215 0.000276440318 -0.0663431287 0.163131922 0.984371126 0.369379759 -0.912439167 0.17610611";
      isRenderEnabled = "false";
      mode = "Ignore";
      canSave = "1";
      canSaveDynamicFields = "1";
   };
   new TSStatic() {
      shapeName = "levels/hirochi_raceway/art/shapes/objects/concrete_tube.dae";
      dynamic = "0";
      playAmbient = "1";
      meshCulling = "0";
      originSort = "0";
      useInstanceRenderData = "0";
      instanceColor = "White";
      collisionType = "Collision Mesh";
      decalType = "Visible Mesh Final";
      prebuildCollisionData = "0";
      renderNormals = "0";
      forceDetail = "-1";
      position = "-217.626007 -150.493317 36.1316681";
      scale = "0.961863399 0.961863399 0.961863339";
      rotationMatrix = "0.920406044 0.388774186 0.041319374 0.2968207 -0.626075029 -0.721059978 -0.254460484 0.675932467 -0.691639483";
      isRenderEnabled = "false";
      mode = "Ignore";
      canSave = "1";
      canSaveDynamicFields = "1";
   };
   new TSStatic() {
      shapeName = "levels/hirochi_raceway/art/shapes/objects/concrete_tube.dae";
      dynamic = "0";
      playAmbient = "1";
      meshCulling = "0";
      originSort = "0";
      useInstanceRenderData = "0";
      instanceColor = "White";
      collisionType = "Collision Mesh";
      decalType = "Visible Mesh Final";
      prebuildCollisionData = "0";
      renderNormals = "0";
      forceDetail = "-1";
      position = "-210.631012 -161.822769 36.1576118";
      scale = "0.961863339 0.961863339 0.961863399";
      rotationMatrix = "0.717784226 0.691965103 0.0772664994 -0.0120705217 -0.0985893533 0.99505502 0.696160972 -0.715167463 -0.0624135025";
      isRenderEnabled = "false";
      mode = "Ignore";
      canSave = "1";
      canSaveDynamicFields = "1";
   };
   new TSStatic() {
      shapeName = "levels/hirochi_raceway/art/shapes/objects/concrete_tube.dae";
      dynamic = "0";
      playAmbient = "1";
      meshCulling = "0";
      originSort = "0";
      useInstanceRenderData = "0";
      instanceColor = "White";
      collisionType = "Collision Mesh";
      decalType = "Visible Mesh Final";
      prebuildCollisionData = "0";
      renderNormals = "0";
      forceDetail = "-1";
      position = "-208.044662 -167.727325 35.7464676";
      scale = "0.961863339 0.961863339 0.961863339";
      rotationMatrix = "-0.785500944 0.617255151 -0.0445459411 -0.617278993 -0.786603928 -0.0148630878 -0.0442143269 0.0158223044 0.998896778";
      isRenderEnabled = "false";
      mode = "Ignore";
      canSave = "1";
      canSaveDynamicFields = "1";
   };
   new TSStatic() {
      shapeName = "levels/hirochi_raceway/art/shapes/objects/concrete_tube.dae";
      dynamic = "0";
      playAmbient = "1";
      meshCulling = "0";
      originSort = "0";
      useInstanceRenderData = "0";
      instanceColor = "White";
      collisionType = "Collision Mesh";
      decalType = "Visible Mesh Final";
      prebuildCollisionData = "0";
      renderNormals = "0";
      forceDetail = "-1";
      position = "-206.447754 -165.671005 35.6760902";
      scale = "0.961863339 0.961863339 0.961863339";
      rotationMatrix = "-0.744721055 0.664163291 0.0654036626 -0.667023063 -0.743930638 -0.0405888818 0.0216981452 -0.07385315 0.99703306";
      isRenderEnabled = "false";
      mode = "Ignore";
      canSave = "1";
      canSaveDynamicFields = "1";
   };
   new TSStatic() {
      shapeName = "levels/hirochi_raceway/art/shapes/objects/concrete_tube.dae";
      dynamic = "0";
      playAmbient = "1";
      meshCulling = "0";
      originSort = "0";
      useInstanceRenderData = "0";
      instanceColor = "White";
      collisionType = "Collision Mesh";
      decalType = "Visible Mesh Final";
      prebuildCollisionData = "0";
      renderNormals = "0";
      forceDetail = "-1";
      position = "-215.793686 -155.608521 36.0845261";
      scale = "0.961863458 0.961863339 0.961863458";
      rotationMatrix = "-0.830217004 -0.554135561 -0.0606096275 0.540539682 -0.826843619 0.155391291 -0.136222526 0.0962465778 0.985991895";
      isRenderEnabled = "false";
      mode = "Ignore";
      canSave = "1";
      canSaveDynamicFields = "1";
   };
   new TSStatic() {
      shapeName = "levels/hirochi_raceway/art/shapes/objects/concrete_tube.dae";
      dynamic = "0";
      playAmbient = "1";
      meshCulling = "0";
      originSort = "0";
      useInstanceRenderData = "0";
      instanceColor = "White";
      collisionType = "Collision Mesh";
      decalType = "Visible Mesh Final";
      prebuildCollisionData = "0";
      renderNormals = "0";
      forceDetail = "-1";
      position = "-214.690308 -156.907791 36.0678329";
      scale = "0.961863339 0.961863339 0.961863339";
      rotationMatrix = "0.792248189 0.602825403 0.0945746377 -0.0441657081 -0.0979339555 0.994212389 0.60859853 -0.791839957 -0.0509637892";
      isRenderEnabled = "false";
      mode = "Ignore";
      canSave = "1";
      canSaveDynamicFields = "1";
   };
   new TSStatic() {
      shapeName = "levels/hirochi_raceway/art/shapes/objects/concrete_tube.dae";
      dynamic = "0";
      playAmbient = "1";
      meshCulling = "0";
      originSort = "0";
      useInstanceRenderData = "0";
      instanceColor = "White";
      collisionType = "Collision Mesh";
      decalType = "Visible Mesh Final";
      prebuildCollisionData = "0";
      renderNormals = "0";
      forceDetail = "-1";
      position = "-212.527344 -160.152237 36.1548691";
      scale = "0.961863399 0.961863339 0.961863339";
      rotationMatrix = "0.746887326 0.662047029 0.0620730519 -0.651049614 0.709092438 0.270780832 0.135254115 -0.242655426 0.960637629";
      isRenderEnabled = "false";
      mode = "Ignore";
      canSave = "1";
      canSaveDynamicFields = "1";
   };
   new TSStatic() {
      shapeName = "levels/hirochi_raceway/art/shapes/objects/concrete_tube.dae";
      dynamic = "0";
      playAmbient = "1";
      meshCulling = "0";
      originSort = "0";
      useInstanceRenderData = "0";
      instanceColor = "White";
      collisionType = "Collision Mesh";
      decalType = "Visible Mesh Final";
      prebuildCollisionData = "0";
      renderNormals = "0";
      forceDetail = "-1";
      position = "-213.600769 -158.835403 36.1467438";
      scale = "0.961863458 0.961863339 0.961863458";
      rotationMatrix = "0.785297871 0.615969896 0.0623564385 -0.469571114 0.526940703 0.708404183 0.403497487 -0.585589051 0.703047097";
      isRenderEnabled = "false";
      mode = "Ignore";
      canSave = "1";
      canSaveDynamicFields = "1";
   };
   new TSStatic() {
      shapeName = "levels/hirochi_raceway/art/shapes/objects/concrete_tube.dae";
      dynamic = "0";
      playAmbient = "1";
      meshCulling = "0";
      originSort = "0";
      useInstanceRenderData = "0";
      instanceColor = "White";
      collisionType = "Collision Mesh";
      decalType = "Visible Mesh Final";
      prebuildCollisionData = "0";
      renderNormals = "0";
      forceDetail = "-1";
      position = "-219.927628 -145.11882 36.6109314";
      scale = "1 1 1";
      rotationMatrix = "-0.931310236 -0.360064536 -0.0549068451 -0.344958097 0.920343578 -0.184313759 0.116898015 -0.152712733 -0.9813326";
      isRenderEnabled = "false";
      mode = "Ignore";
      canSave = "1";
      canSaveDynamicFields = "1";
   };
   new TSStatic() {
      shapeName = "levels/hirochi_raceway/art/shapes/objects/concrete_tube.dae";
      dynamic = "0";
      playAmbient = "1";
      meshCulling = "0";
      originSort = "0";
      useInstanceRenderData = "0";
      instanceColor = "White";
      collisionType = "Collision Mesh";
      decalType = "Visible Mesh Final";
      prebuildCollisionData = "0";
      renderNormals = "0";
      forceDetail = "-1";
      position = "-220.154831 -143.673706 36.0153847";
      scale = "0.961863399 0.961863339 0.961863518";
      rotationMatrix = "0.937947392 0.346132249 0.0211465172 -0.0362351425 0.0371784419 0.998651505 0.34487927 -0.9374488 0.0474135727";
      isRenderEnabled = "false";
      mode = "Ignore";
      canSave = "1";
      canSaveDynamicFields = "1";
   };
   new TSStatic() {
      shapeName = "levels/hirochi_raceway/art/shapes/objects/concrete_tube.dae";
      dynamic = "0";
      playAmbient = "1";
      meshCulling = "0";
      originSort = "0";
      useInstanceRenderData = "0";
      instanceColor = "White";
      collisionType = "Collision Mesh";
      decalType = "Visible Mesh Final";
      prebuildCollisionData = "0";
      renderNormals = "0";
      forceDetail = "-1";
      position = "-220.749557 -142.291733 36.3608932";
      scale = "1 1 1";
      rotationMatrix = "-0.943054974 -0.331193626 -0.0309529044 -0.331465006 0.9278512 0.170947805 -0.0278971344 0.171472982 -0.984793782";
      isRenderEnabled = "false";
      mode = "Ignore";
      canSave = "1";
      canSaveDynamicFields = "1";
   };
   new TSStatic() {
      shapeName = "levels/hirochi_raceway/art/shapes/objects/concrete_tube.dae";
      dynamic = "0";
      playAmbient = "1";
      meshCulling = "0";
      originSort = "0";
      useInstanceRenderData = "0";
      instanceColor = "White";
      collisionType = "Collision Mesh";
      decalType = "Visible Mesh Final";
      prebuildCollisionData = "0";
      renderNormals = "0";
      forceDetail = "-1";
      position = "-219.283432 -147.879608 36.6613617";
      scale = "1 1 1";
      rotationMatrix = "0.922403991 0.386067927 -0.0110635012 -0.254454523 0.629000485 0.734582424 0.290557653 -0.6747666 0.678429306";
      isRenderEnabled = "false";
      mode = "Ignore";
      canSave = "1";
      canSaveDynamicFields = "1";
   };
   new TSStatic() {
      shapeName = "levels/hirochi_raceway/art/shapes/objects/concrete_tube.dae";
      dynamic = "0";
      playAmbient = "1";
      meshCulling = "0";
      originSort = "0";
      useInstanceRenderData = "0";
      instanceColor = "White";
      collisionType = "Collision Mesh";
      decalType = "Visible Mesh Final";
      prebuildCollisionData = "0";
      renderNormals = "0";
      forceDetail = "-1";
      position = "-218.33519 -149.107224 36.1540947";
      scale = "0.961863399 0.961863458 0.961863518";
      rotationMatrix = "-0.911613226 -0.411036432 -0.00322451838 0.26594916 -0.595777988 0.757838786 -0.313420445 0.689998329 0.652433872";
      isRenderEnabled = "false";
      mode = "Ignore";
      canSave = "1";
      canSaveDynamicFields = "1";
   };
   new TSStatic() {
      shapeName = "levels/hirochi_raceway/art/shapes/objects/concrete_tube.dae";
      dynamic = "0";
      playAmbient = "1";
      meshCulling = "0";
      originSort = "0";
      useInstanceRenderData = "0";
      instanceColor = "White";
      collisionType = "Collision Mesh";
      decalType = "Visible Mesh Final";
      prebuildCollisionData = "0";
      renderNormals = "0";
      forceDetail = "-1";
      position = "-219.502777 -146.445297 36.0698662";
      scale = "0.961863458 0.961863339 0.961863339";
      rotationMatrix = "0.924891293 0.380230606 0.000898988917 -0.222539768 0.543230534 -0.809553385 -0.308305323 0.748548806 0.58704561";
      isRenderEnabled = "false";
      mode = "Ignore";
      canSave = "1";
      canSaveDynamicFields = "1";
   };
   new TSStatic() {
      shapeName = "levels/hirochi_raceway/art/shapes/objects/concrete_tube.dae";
      dynamic = "0";
      playAmbient = "1";
      meshCulling = "0";
      originSort = "0";
      useInstanceRenderData = "0";
      instanceColor = "White";
      collisionType = "Collision Mesh";
      decalType = "Visible Mesh Final";
      prebuildCollisionData = "0";
      renderNormals = "0";
      forceDetail = "-1";
      position = "-205.122818 -163.949707 35.9043999";
      scale = "0.961863339 0.961863339 0.961863339";
      rotationMatrix = "-0.775248468 0.624067366 -0.09762007 -0.62045306 -0.781327605 -0.067565985 -0.118438989 0.00818824209 0.992927551";
      isRenderEnabled = "false";
      mode = "Ignore";
      canSave = "1";
      canSaveDynamicFields = "1";
   };
   new TSStatic() {
      shapeName = "levels/hirochi_raceway/art/shapes/objects/concrete_tube.dae";
      dynamic = "0";
      playAmbient = "1";
      meshCulling = "0";
      originSort = "0";
      useInstanceRenderData = "0";
      instanceColor = "White";
      collisionType = "Collision Mesh";
      decalType = "Visible Mesh Final";
      prebuildCollisionData = "0";
      renderNormals = "0";
      forceDetail = "-1";
      position = "-199.970093 -167.847443 35.3755951";
      scale = "0.961863339 0.961863339 0.961863339";
      rotationMatrix = "-0.825262129 0.518055141 0.224858284 -0.536950409 -0.843144059 -0.0281498507 0.17500475 -0.143968746 0.973984778";
      isRenderEnabled = "false";
      mode = "Ignore";
      canSave = "1";
      canSaveDynamicFields = "1";
   };
   new TSStatic() {
      shapeName = "levels/hirochi_raceway/art/shapes/objects/concrete_tube.dae";
      dynamic = "0";
      playAmbient = "1";
      meshCulling = "0";
      originSort = "0";
      useInstanceRenderData = "0";
      instanceColor = "White";
      collisionType = "Collision Mesh";
      decalType = "Visible Mesh Final";
      prebuildCollisionData = "0";
      renderNormals = "0";
      forceDetail = "-1";
      position = "-201.071121 -169.599823 35.4765587";
      scale = "0.961863339 0.961863339 0.961863339";
      rotationMatrix = "-0.869635642 0.493371844 0.0178349987 -0.493653774 -0.869458675 -0.0186432675 0.00630873209 -0.0250171646 0.999667108";
      isRenderEnabled = "false";
      mode = "Ignore";
      canSave = "1";
      canSaveDynamicFields = "1";
   };
   new TSStatic() {
      shapeName = "levels/hirochi_raceway/art/shapes/objects/concrete_tube.dae";
      dynamic = "0";
      playAmbient = "1";
      meshCulling = "0";
      originSort = "0";
      useInstanceRenderData = "0";
      instanceColor = "White";
      collisionType = "Collision Mesh";
      decalType = "Visible Mesh Final";
      prebuildCollisionData = "0";
      renderNormals = "0";
      forceDetail = "-1";
      position = "-202.591324 -171.628601 35.3037415";
      scale = "0.961863339 0.961863339 0.961863339";
      rotationMatrix = "-0.830649972 0.528398812 0.175542787 -0.533118665 -0.84572649 0.0230476428 0.160639539 -0.0744406208 0.984201968";
      isRenderEnabled = "false";
      mode = "Ignore";
      canSave = "1";
      canSaveDynamicFields = "1";
   };
   new TSStatic() {
      shapeName = "levels/hirochi_raceway/art/shapes/objects/concrete_tube.dae";
      dynamic = "0";
      playAmbient = "1";
      meshCulling = "0";
      originSort = "0";
      useInstanceRenderData = "0";
      instanceColor = "White";
      collisionType = "Collision Mesh";
      decalType = "Visible Mesh Final";
      prebuildCollisionData = "0";
      renderNormals = "0";
      forceDetail = "-1";
      position = "-194.968948 -172.026093 34.4169922";
      scale = "0.961863339 0.961863339 0.961863339";
      rotationMatrix = "-0.952874601 0.193060532 0.234003544 -0.207109436 -0.977625906 -0.0367872603 0.221665755 -0.083517991 0.971539497";
      isRenderEnabled = "false";
      mode = "Ignore";
      canSave = "1";
      canSaveDynamicFields = "1";
   };
   new TSStatic() {
      shapeName = "levels/hirochi_raceway/art/shapes/objects/concrete_tube.dae";
      dynamic = "0";
      playAmbient = "1";
      meshCulling = "0";
      originSort = "0";
      useInstanceRenderData = "0";
      instanceColor = "White";
      collisionType = "Collision Mesh";
      decalType = "Visible Mesh Final";
      prebuildCollisionData = "0";
      renderNormals = "0";
      forceDetail = "-1";
      position = "-193.727051 -170.181885 34.3195572";
      scale = "0.961863339 0.961863339 0.961863339";
      rotationMatrix = "-0.987855077 0.149121016 0.0436491817 -0.1499217 -0.98857373 -0.0156655759 0.0408143699 -0.0220192783 0.998924077";
      isRenderEnabled = "false";
      mode = "Ignore";
      canSave = "1";
      canSaveDynamicFields = "1";
   };
   new TSStatic() {
      shapeName = "levels/hirochi_raceway/art/shapes/objects/concrete_tube.dae";
      dynamic = "0";
      playAmbient = "1";
      meshCulling = "0";
      originSort = "0";
      useInstanceRenderData = "0";
      instanceColor = "White";
      collisionType = "Collision Mesh";
      decalType = "Visible Mesh Final";
      prebuildCollisionData = "0";
      renderNormals = "0";
      forceDetail = "-1";
      position = "-196.307892 -173.947876 34.3053055";
      scale = "0.961863339 0.961863339 0.961863339";
      rotationMatrix = "-0.977886558 0.181613311 0.10370373 -0.184817851 -0.982524395 -0.0220956262 0.0978785828 -0.0407733172 0.994362772";
      isRenderEnabled = "false";
      mode = "Ignore";
      canSave = "1";
      canSaveDynamicFields = "1";
   };
};
//--- OBJECT WRITE END ---
