//--- OBJECT WRITE BEGIN ---
$ThisPrefab = new SimGroup() {
  canSave = "1";
  canSaveDynamicFields = "1";
  groupPosition = "0 0 0";

  new TSStatic() {
    shapeName = "levels/hirochi_raceway/art/shapes/rocks/eca_rock_medium_2.dae";
    position = "-201.00108337402344 -161.4895477294922 37.7573127746582";
    rotationMatrix = "0.4473406672477722 0.2860153913497925 0.8473969101905823 0.13344497978687286 -0.9582250118255615 0.25297677516937256 0.8843521475791931 -8.592909580329433e-05 -0.4668203294277191";
    scale = "1.4225999116897583 1.422600507736206 1.422600269317627";
    decalType = "Visible Mesh Final";
    collisionType = "Collision Mesh";
  };

  new TSStatic() {
    shapeName = "levels/hirochi_raceway/art/shapes/rocks/eca_rock_medium_2.dae";
    position = "-192.21566772460938 -165.66822814941406 36.63732147216797";
    rotationMatrix = "-0.6939345002174377 -0.6836408972740173 -0.22603097558021545 0.7195099592208862 -0.6463520526885986 -0.2540363669395447 0.027574079111218452 -0.3389161229133606 0.9404124021530151";
    scale = "1.2405314445495605 1.2405319213867188 1.2405316829681396";
    decalType = "Visible Mesh Final";
    collisionType = "Collision Mesh";
  };

  new TSStatic() {
    shapeName = "levels/hirochi_raceway/art/shapes/rocks/eca_rock_medium_2.dae";
    position = "-159.32469177246094 -132.85226440429688 35.90684509277344";
    rotationMatrix = "-0.6795865297317505 0.18493129312992096 0.7099031805992126 0.19316402077674866 0.9786641597747803 -0.07002922147512436 -0.707707405090332 0.08953683823347092 -0.7008090615272522";
    scale = "1.0 1.0 1.0";
    decalType = "Visible Mesh Final";
    collisionType = "Collision Mesh";
  };

  new TSStatic() {
    shapeName = "levels/hirochi_raceway/art/shapes/rocks/eca_rock_medium_2.dae";
    position = "-161.29830932617188 -117.3827133178711 37.8458251953125";
    rotationMatrix = "0.5806880593299866 -0.410826176404953 0.702867865562439 0.6059411764144897 0.7946892976760864 -0.036114346235990524 -0.5437248349189758 0.4468677341938019 0.7104030847549438";
    scale = "0.7750720977783203 0.7750720977783203 0.7750720977783203";
    decalType = "Visible Mesh Final";
    collisionType = "Collision Mesh";
  };

  new TSStatic() {
    shapeName = "levels/hirochi_raceway/art/shapes/rocks/eca_rock_medium_2.dae";
    position = "-186.85423278808594 -168.396240234375 34.72434997558594";
    rotationMatrix = "0.17349432408809662 0.8385847210884094 -0.5164061784744263 0.982515811920166 -0.11141862720251083 0.14915964007377625 0.06754572689533234 -0.5332555770874023 -0.8432532548904419";
    scale = "1.2405314445495605 1.2405319213867188 1.2405316829681396";
    decalType = "Visible Mesh Final";
    collisionType = "Collision Mesh";
  };

  new TSStatic() {
    shapeName = "levels/hirochi_raceway/art/shapes/rocks/eca_rock_medium_2.dae";
    position = "-177.4969024658203 -167.35520935058594 35.67913055419922";
    rotationMatrix = "-0.49726319313049316 0.8670237064361572 -0.03161086514592171 0.8671194314956665 0.4954456686973572 -0.0513564869761467 -0.02886582538485527 -0.05294808745384216 -0.9981799721717834";
    scale = "1.2405314445495605 1.2405319213867188 1.2405316829681396";
    decalType = "Visible Mesh Final";
    collisionType = "Collision Mesh";
  };

  new TSStatic() {
    shapeName = "levels/hirochi_raceway/art/shapes/rocks/eca_rock_medium_2.dae";
    position = "-167.4805450439453 -144.62342834472656 33.99205780029297";
    rotationMatrix = "-0.7128831148147583 0.08229832351207733 0.6964371204376221 0.04615345597267151 0.996442973613739 -0.07050681859254837 -0.6997625231742859 -0.018120139837265015 -0.7141457200050354";
    scale = "1.0584133863449097 1.0584135055541992 1.0584133863449097";
    decalType = "Visible Mesh Final";
    collisionType = "Collision Mesh";
  };

  new TSStatic() {
    shapeName = "levels/hirochi_raceway/art/shapes/rocks/eca_rock_medium_2.dae";
    position = "-263.84625244140625 -153.5186004638672 42.54340744018555";
    rotationMatrix = "0.47064507007598877 0.8490707874298096 0.23994161188602448 0.8434815406799316 -0.35317233204841614 -0.40473219752311707 -0.2589055597782135 0.39287155866622925 -0.8823943734169006";
    scale = "1.0 1.0 1.0";
    decalType = "Visible Mesh Final";
    collisionType = "Collision Mesh";
  };

  new TSStatic() {
    shapeName = "levels/hirochi_raceway/art/shapes/rocks/eca_rock_medium_2.dae";
    position = "-256.1372985839844 -161.37242126464844 41.69708251953125";
    rotationMatrix = "0.8248348832130432 0.5266903042793274 0.20553535223007202 0.563883364200592 -0.7399944067001343 -0.3666658401489258 -0.041024334728717804 0.41833674907684326 -0.907365083694458";
    scale = "1.0 1.0 1.0";
    decalType = "Visible Mesh Final";
    collisionType = "Collision Mesh";
  };

  new TSStatic() {
    shapeName = "levels/hirochi_raceway/art/shapes/rocks/eca_rock_medium_2.dae";
    position = "-157.8253936767578 -125.93082427978516 37.303871154785156";
    rotationMatrix = "-0.9006322026252747 0.08955597877502441 -0.4252544045448303 0.11181631684303284 0.9933449625968933 -0.02761968970298767 0.41995081305503845 -0.07242556661367416 -0.9046523571014404";
    scale = "1.0 1.0 1.0";
    decalType = "Visible Mesh Final";
    collisionType = "Collision Mesh";
  };

  new TSStatic() {
    shapeName = "levels/hirochi_raceway/art/shapes/rocks/eca_rock_medium_2.dae";
    position = "-274.5050964355469 -153.028076171875 45.01255798339844";
    rotationMatrix = "0.823695957660675 0.3716420829296112 0.42826053500175476 0.4157828688621521 -0.9094030261039734 -0.010522173717617989 0.38555097579956055 0.18673047423362732 -0.9035940170288086";
    scale = "1.3671842813491821 1.0437105894088745 1.0437097549438477";
    decalType = "Visible Mesh Final";
    collisionType = "Collision Mesh";
  };

  new TSStatic() {
    shapeName = "levels/hirochi_raceway/art/shapes/rocks/eca_rock_medium_2.dae";
    position = "-271.9666442871094 -148.73199462890625 45.627445220947266";
    rotationMatrix = "-0.45043879747390747 -0.781548261642456 -0.43160998821258545 0.8210458159446716 -0.5525059103965759 0.1435999721288681 -0.35069739818573 -0.2896885871887207 0.890557050704956";
    scale = "1.2724013328552246 0.9713531136512756 0.9713524580001831";
    decalType = "Visible Mesh Final";
    collisionType = "Collision Mesh";
  };

  new TSStatic() {
    shapeName = "levels/hirochi_raceway/art/shapes/rocks/eca_rock_medium_2.dae";
    position = "-281.0728454589844 -143.42564392089844 44.25743865966797";
    rotationMatrix = "0.22470469772815704 0.06636308133602142 0.9721644520759583 0.2207750380039215 -0.9752009510993958 0.01554073952138424 0.9490870237350464 0.2111375629901886 -0.2337835431098938";
    scale = "1.2724013328552246 0.9713531136512756 0.9713524580001831";
    decalType = "Visible Mesh Final";
    collisionType = "Collision Mesh";
  };

  new TSStatic() {
    shapeName = "levels/hirochi_raceway/art/shapes/rocks/eca_rock_medium_2.dae";
    position = "-281.93365478515625 -134.7644500732422 44.482566833496094";
    rotationMatrix = "-0.932137668132782 -0.33408722281455994 0.13966067135334015 -0.2376607358455658 0.8554502725601196 0.4601328670978546 -0.2731972634792328 0.39571529626846313 -0.8767968416213989";
    scale = "1.0742560625076294 0.8200886845588684 0.8200886249542236";
    decalType = "Visible Mesh Final";
    collisionType = "Collision Mesh";
  };

  new TSStatic() {
    shapeName = "levels/hirochi_raceway/art/shapes/rocks/eca_rock_medium_2.dae";
    position = "-255.38958740234375 -107.56471252441406 40.37624740600586";
    rotationMatrix = "-0.09142101556062698 -0.9542391896247864 0.28472763299942017 -0.5156728029251099 0.2899673283100128 0.8062261343002319 -0.8518942594528198 -0.07312027364969254 -0.5185842514038086";
    scale = "0.9860278367996216 0.7527350187301636 0.7527348399162292";
    decalType = "Visible Mesh Final";
    collisionType = "Collision Mesh";
  };

  new TSStatic() {
    shapeName = "levels/hirochi_raceway/art/shapes/rocks/eca_rock_medium_2.dae";
    position = "-252.1029052734375 -85.67146301269531 38.98811340332031";
    rotationMatrix = "0.8289347887039185 0.015592601150274277 0.559127926826477 -0.42774778604507446 -0.6264299154281616 0.651626706123352 0.3604150116443634 -0.7793217897415161 -0.5125998258590698";
    scale = "0.9593678712844849 0.9593676328659058 0.9593678116798401";
    decalType = "Visible Mesh Final";
    collisionType = "Collision Mesh";
  };

  new TSStatic() {
    shapeName = "levels/hirochi_raceway/art/shapes/rocks/eca_rock_medium_2.dae";
    position = "-252.1495361328125 -83.86766052246094 38.23263931274414";
    rotationMatrix = "-0.1981227695941925 0.9684112071990967 -0.1514170616865158 -0.875702440738678 -0.10548266768455505 0.47118857502937317 0.44033241271972656 0.2259494662284851 0.8689385652542114";
    scale = "0.987942636013031 0.9879428148269653 0.9879426956176758";
    decalType = "Visible Mesh Final";
    collisionType = "Collision Mesh";
  };

  new TSStatic() {
    shapeName = "levels/hirochi_raceway/art/shapes/rocks/eca_rock_medium_2.dae";
    position = "-255.2158660888672 -84.00540161132812 38.936485290527344";
    rotationMatrix = "0.5976150631904602 0.6021899580955505 0.529361367225647 0.8015539646148682 -0.46450334787368774 -0.3764941692352295 0.019169116392731667 0.649310290813446 -0.7602819800376892";
    scale = "0.8353005051612854 0.8353005051612854 0.8353005647659302";
    decalType = "Visible Mesh Final";
    collisionType = "Collision Mesh";
  };

  new TSStatic() {
    shapeName = "levels/hirochi_raceway/art/shapes/rocks/eca_rock_medium_2.dae";
    position = "-249.66848754882812 -81.2967300415039 37.895965576171875";
    rotationMatrix = "-0.8619304895401001 0.4578772783279419 -0.21777091920375824 0.293446809053421 0.8007557392120361 0.5221869349479675 0.4134788513183594 0.3861846923828125 -0.824558436870575";
    scale = "0.9467591643333435 0.7227573990821838 0.7227572798728943";
    decalType = "Visible Mesh Final";
    collisionType = "Collision Mesh";
  };

  new TSStatic() {
    shapeName = "levels/hirochi_raceway/art/shapes/rocks/eca_rock_medium_2.dae";
    position = "-249.38824462890625 -82.63580322265625 36.87123107910156";
    rotationMatrix = "0.4250667691230774 0.8592972755432129 0.28447574377059937 -0.6130014061927795 0.042041145265102386 0.7889624834060669 0.6659936308860779 -0.5097457766532898 0.5446207523345947";
    scale = "0.9467591643333435 0.7227573990821838 0.7227572202682495";
    decalType = "Visible Mesh Final";
    collisionType = "Collision Mesh";
  };

  new TSStatic() {
    shapeName = "levels/hirochi_raceway/art/shapes/rocks/eca_rock_medium_2.dae";
    position = "-255.2433624267578 -104.05787658691406 38.880184173583984";
    rotationMatrix = "0.28179022669792175 -0.8848915696144104 0.3708924651145935 -0.8891531229019165 -0.09557526558637619 0.44751763343811035 -0.3605564534664154 -0.4558863043785095 -0.8137362599372864";
    scale = "1.237623929977417 0.9448039531707764 0.944803774356842";
    decalType = "Visible Mesh Final";
    collisionType = "Collision Mesh";
  };

  new TSStatic() {
    shapeName = "levels/hirochi_raceway/art/shapes/rocks/eca_rock_medium_2.dae";
    position = "-251.040771484375 -105.643798828125 35.75901412963867";
    rotationMatrix = "-0.6809228658676147 -0.7298720479011536 0.060256123542785645 0.5974368453025818 -0.6011829376220703 -0.530705451965332 0.42357203364372253 -0.32537025213241577 0.8454117178916931";
    scale = "1.4382447004318237 1.0979582071304321 1.097957968711853";
    decalType = "Visible Mesh Final";
    collisionType = "Collision Mesh";
  };

  new TSStatic() {
    shapeName = "levels/hirochi_raceway/art/shapes/rocks/eca_rock_medium_2.dae";
    position = "-278.0882873535156 -129.35560607910156 42.94820785522461";
    rotationMatrix = "0.38168683648109436 -0.6991040110588074 -0.6046227812767029 0.1490359604358673 -0.599037230014801 0.786729097366333 -0.9121970534324646 -0.3903946876525879 -0.12445297837257385";
    scale = "1.6888633966445923 1.6885038614273071 1.2892805337905884";
    decalType = "Visible Mesh Final";
    collisionType = "Collision Mesh";
  };

  new TSStatic() {
    shapeName = "levels/hirochi_raceway/art/shapes/rocks/eca_rock_medium_2.dae";
    position = "-252.26416015625 -108.76213836669922 35.9447135925293";
    rotationMatrix = "0.3371162414550781 -0.14330007135868073 0.9304932951927185 -0.8542558550834656 0.36887454986572266 0.36630386114120483 -0.39572665095329285 -0.9183663129806519 0.0019386779749765992";
    scale = "1.4382447004318237 1.0979582071304321 1.097957968711853";
    decalType = "Visible Mesh Final";
    collisionType = "Collision Mesh";
  };

  new TSStatic() {
    shapeName = "levels/hirochi_raceway/art/shapes/rocks/eca_rock_medium_2.dae";
    position = "-243.464111328125 -107.29783630371094 33.423057556152344";
    rotationMatrix = "0.1609276980161667 0.9840052127838135 0.07639386504888535 0.6990233659744263 -0.05899284780025482 -0.7126613259315491 -0.6967557668685913 0.16808804869651794 -0.6973361968994141";
    scale = "1.2966105937957764 0.9898346066474915 0.9898340702056885";
    decalType = "Visible Mesh Final";
    collisionType = "Collision Mesh";
  };

  new TSStatic() {
    shapeName = "levels/hirochi_raceway/art/shapes/rocks/eca_rock_medium_2.dae";
    position = "-254.83407592773438 -101.61792755126953 38.66580581665039";
    rotationMatrix = "0.09319420903921127 0.6604321599006653 -0.7450799942016602 0.8608688712120056 -0.42941832542419434 -0.2729554772377014 -0.5002195835113525 -0.6159783005714417 -0.6085647940635681";
    scale = "1.312262773513794 1.0017832517623901 1.001783013343811";
    decalType = "Visible Mesh Final";
    collisionType = "Collision Mesh";
  };

  new TSStatic() {
    shapeName = "levels/hirochi_raceway/art/shapes/rocks/eca_rock_medium_2.dae";
    position = "-249.04383850097656 -83.76676940917969 36.64731979370117";
    rotationMatrix = "0.4226493537425995 0.6609578728675842 0.6200823783874512 -0.8990105390548706 0.21919701993465424 0.37912094593048096 0.114662766456604 -0.7176958322525024 0.6868516206741333";
    scale = "1.1230560541152954 1.123056173324585 1.1230559349060059";
    decalType = "Visible Mesh Final";
    collisionType = "Collision Mesh";
  };

  new TSStatic() {
    shapeName = "levels/hirochi_raceway/art/shapes/rocks/eca_rock_medium_2.dae";
    position = "-248.2372589111328 -84.27790832519531 36.57417678833008";
    rotationMatrix = "-0.1981227695941925 0.9684112071990967 -0.1514170616865158 -0.875702440738678 -0.10548266768455505 0.47118857502937317 0.44033241271972656 0.2259494662284851 0.8689385652542114";
    scale = "1.1230560541152954 1.123056173324585 1.1230559349060059";
    decalType = "Visible Mesh Final";
    collisionType = "Collision Mesh";
  };

  new TSStatic() {
    shapeName = "levels/hirochi_raceway/art/shapes/rocks/eca_rock_medium_2.dae";
    position = "-244.15576171875 -83.23965454101562 34.467411041259766";
    rotationMatrix = "0.4843524098396301 0.8684418201446533 -0.1058843806385994 0.7231799364089966 -0.4655395746231079 -0.5101800560951233 -0.492355078458786 0.17053347826004028 -0.853524923324585";
    scale = "1.1230560541152954 1.1230562925338745 1.1230559349060059";
    decalType = "Visible Mesh Final";
    collisionType = "Collision Mesh";
  };

  new TSStatic() {
    shapeName = "levels/hirochi_raceway/art/shapes/rocks/eca_rock_medium_2.dae";
    position = "-247.21316528320312 -85.629638671875 35.60647201538086";
    rotationMatrix = "0.1477762758731842 -0.981823742389679 0.11909772455692291 -0.8122016787528992 -0.05176010727882385 0.5810760259628296 -0.5643497109413147 -0.18260061740875244 -0.8050878047943115";
    scale = "0.9593678116798401 0.959367573261261 0.9593678712844849";
    decalType = "Visible Mesh Final";
    collisionType = "Collision Mesh";
  };

  new TSStatic() {
    shapeName = "levels/hirochi_raceway/art/shapes/rocks/eca_rock_medium_2.dae";
    position = "-245.08477783203125 -85.49253845214844 35.23044967651367";
    rotationMatrix = "0.2418961077928543 0.793554961681366 0.5583518743515015 0.9258559942245483 -0.016604579985141754 -0.377511590719223 -0.2903049886226654 0.6082720160484314 -0.7387341856956482";
    scale = "1.1230559349060059 1.1230560541152954 1.1230560541152954";
    decalType = "Visible Mesh Final";
    collisionType = "Collision Mesh";
  };

  new TSStatic() {
    shapeName = "levels/hirochi_raceway/art/shapes/rocks/eca_rock_medium_2.dae";
    position = "-246.45542907714844 -83.86656188964844 35.51751708984375";
    rotationMatrix = "-0.16817635297775269 0.9635252952575684 -0.20817221701145172 -0.9333800077438354 -0.08772790431976318 0.34800219535827637 0.3170464336872101 0.25282952189445496 0.914089024066925";
    scale = "1.195886492729187 1.1958863735198975 1.1958863735198975";
    decalType = "Visible Mesh Final";
    collisionType = "Collision Mesh";
  };

  new TSStatic() {
    shapeName = "levels/hirochi_raceway/art/shapes/rocks/eca_rock_medium_2.dae";
    position = "-283.57708740234375 -127.18994903564453 43.196678161621094";
    rotationMatrix = "-0.004475684836506844 0.9467455148696899 -0.3219517469406128 -0.9561516046524048 -0.0983332023024559 -0.27587077021598816 -0.2928379476070404 0.3065999746322632 0.9056723117828369";
    scale = "1.745025873184204 1.3321555852890015 1.332155466079712";
    decalType = "Visible Mesh Final";
    collisionType = "Collision Mesh";
  };

  new TSStatic() {
    shapeName = "levels/hirochi_raceway/art/shapes/rocks/eca_rock_medium_2.dae";
    position = "-275.9002380371094 -133.16624450683594 45.56133270263672";
    rotationMatrix = "-0.8277523517608643 -0.3004704415798187 -0.4738602638244629 0.22864514589309692 -0.9518608450889587 0.20416249334812164 -0.5123938322067261 0.06065014377236366 0.8566061854362488";
    scale = "1.3259879350662231 1.0122612714767456 1.012260913848877";
    decalType = "Visible Mesh Final";
    collisionType = "Collision Mesh";
  };

  new TSStatic() {
    shapeName = "levels/hirochi_raceway/art/shapes/rocks/eca_rock_medium_2.dae";
    position = "-275.4267272949219 -136.71900939941406 45.6209831237793";
    rotationMatrix = "-0.44933441281318665 -0.14112220704555511 -0.8821468949317932 -0.27552321553230286 0.9612006545066833 -0.013427123427391052 0.8498150110244751 0.23701868951320648 -0.47078296542167664";
    scale = "1.2724013328552246 0.9713531136512756 0.9713524580001831";
    decalType = "Visible Mesh Final";
    collisionType = "Collision Mesh";
  };

  new TSStatic() {
    shapeName = "levels/hirochi_raceway/art/shapes/rocks/eca_rock_medium_2.dae";
    position = "-260.89471435546875 -100.44209289550781 40.68818664550781";
    rotationMatrix = "0.09482309222221375 -0.9600241780281067 0.2633669078350067 0.9459602236747742 0.004480829928070307 -0.3242517113685608 0.31010937690734863 0.27988114953041077 0.9085695743560791";
    scale = "1.120681643486023 0.8555300831794739 0.8555300235748291";
    decalType = "Visible Mesh Final";
    collisionType = "Collision Mesh";
  };

  new TSStatic() {
    shapeName = "levels/hirochi_raceway/art/shapes/rocks/eca_rock_medium_2.dae";
    position = "-269.0515441894531 -129.53294372558594 42.282535552978516";
    rotationMatrix = "0.13759610056877136 -0.605597972869873 0.7837846279144287 0.6840100288391113 -0.5142247080802917 -0.5174005031585693 0.7163780927658081 0.6073088645935059 0.34347978234291077";
    scale = "1.6031023263931274 1.2238106727600098 1.2238106727600098";
    decalType = "Visible Mesh Final";
    collisionType = "Collision Mesh";
  };

  new TSStatic() {
    shapeName = "levels/hirochi_raceway/art/shapes/rocks/eca_rock_medium_2.dae";
    position = "-264.5763854980469 -148.61184692382812 42.859317779541016";
    rotationMatrix = "-0.6447286009788513 -0.38394972681999207 -0.6609898805618286 -0.7351472973823547 0.5484062433242798 0.3985084593296051 0.2094837725162506 0.7428547739982605 -0.6358327865600586";
    scale = "1.2776377201080322 0.9753504991531372 0.9753503799438477";
    decalType = "Visible Mesh Final";
    collisionType = "Collision Mesh";
  };

  new TSStatic() {
    shapeName = "levels/hirochi_raceway/art/shapes/rocks/eca_rock_medium_2.dae";
    position = "-251.58340454101562 -110.62276458740234 36.40401077270508";
    rotationMatrix = "-0.11312901228666306 0.8023598194122314 -0.5860208868980408 -0.6220883131027222 0.4026952087879181 0.6714482307434082 0.774730920791626 0.44051703810691833 0.45358216762542725";
    scale = "1.0809799432754517 0.8252217769622803 0.825221598148346";
    decalType = "Visible Mesh Final";
    collisionType = "Collision Mesh";
  };

  new TSStatic() {
    shapeName = "levels/hirochi_raceway/art/shapes/rocks/eca_rock_medium_2.dae";
    position = "-263.2052917480469 -98.66865539550781 42.23028564453125";
    rotationMatrix = "-0.36653366684913635 -0.9179539084434509 -0.15170249342918396 0.902738630771637 -0.31140950322151184 -0.29679471254348755 0.225202277302742 -0.24573296308517456 0.9428145289421082";
    scale = "1.6012682914733887 1.2224105596542358 1.2224104404449463";
    decalType = "Visible Mesh Final";
    collisionType = "Collision Mesh";
  };

  new TSStatic() {
    shapeName = "levels/hirochi_raceway/art/shapes/rocks/eca_rock_medium_2.dae";
    position = "-251.52467346191406 -107.61941528320312 35.093711853027344";
    rotationMatrix = "0.21441815793514252 0.8100616335868835 -0.5457335114479065 -0.6677887439727783 0.5293237566947937 0.5233302116394043 0.7127994298934937 0.2522231936454773 0.6544466614723206";
    scale = "1.4382447004318237 1.0979582071304321 1.097957968711853";
    decalType = "Visible Mesh Final";
    collisionType = "Collision Mesh";
  };

  new TSStatic() {
    shapeName = "levels/hirochi_raceway/art/shapes/rocks/eca_rock_medium_2.dae";
    position = "-172.29705810546875 -164.04843139648438 37.34910202026367";
    rotationMatrix = "-0.34018823504447937 0.9398258924484253 -0.03161086514592171 0.9396065473556519 0.33838149905204773 -0.051356248557567596 -0.037569399923086166 -0.04717256873846054 -0.9981799721717834";
    scale = "1.2405314445495605 1.2405319213867188 1.2405316829681396";
    decalType = "Visible Mesh Final";
    collisionType = "Collision Mesh";
  };

  new TSStatic() {
    shapeName = "levels/hirochi_raceway/art/shapes/rocks/eca_rock_medium_2.dae";
    position = "-161.19476318359375 -135.98092651367188 33.91421127319336";
    rotationMatrix = "-0.7585214376449585 0.48605963587760925 -0.4340406656265259 0.5049696564674377 0.8594262003898621 0.0799512267112732 0.4118870198726654 -0.15853266417980194 -0.8973385691642761";
    scale = "1.0 1.0 1.0";
    decalType = "Visible Mesh Final";
    collisionType = "Collision Mesh";
  };

  new TSStatic() {
    shapeName = "levels/hirochi_raceway/art/shapes/rocks/eca_rock_medium_2.dae";
    position = "-252.70985412597656 -101.3014144897461 39.44243240356445";
    rotationMatrix = "-0.38095057010650635 -0.8042097687721252 -0.4562053382396698 -0.9237473011016846 0.3521741032600403 0.15054666996002197 0.03959260880947113 0.4787692725658417 -0.8770475387573242";
    scale = "1.1554374694824219 0.8820627331733704 0.8820626139640808";
    decalType = "Visible Mesh Final";
    collisionType = "Collision Mesh";
  };

  new TSStatic() {
    shapeName = "levels/hirochi_raceway/art/shapes/rocks/eca_rock_medium_2.dae";
    position = "-277.048828125 -133.30340576171875 44.07138442993164";
    rotationMatrix = "-0.577051043510437 -0.2940528988838196 -0.7619350552558899 -0.024790385738015175 0.9388110041618347 -0.3435394763946533 0.8163317441940308 -0.17935116589069366 -0.5490315556526184";
    scale = "1.488808512687683 1.1365586519241333 1.1365586519241333";
    decalType = "Visible Mesh Final";
    collisionType = "Collision Mesh";
  };

  new TSStatic() {
    shapeName = "levels/hirochi_raceway/art/shapes/rocks/eca_rock_medium_2.dae";
    position = "-165.6695098876953 -140.0076904296875 34.04114532470703";
    rotationMatrix = "-0.7538356781005859 0.18894223868846893 0.6293112635612488 0.156053364276886 0.9818426966667175 -0.10785279422998428 -0.6382626295089722 0.016902854666113853 -0.7696331143379211";
    scale = "1.0 1.0 1.0";
    decalType = "Visible Mesh Final";
    collisionType = "Collision Mesh";
  };

  new TSStatic() {
    shapeName = "levels/hirochi_raceway/art/shapes/rocks/eca_rock_medium_2.dae";
    position = "-278.64361572265625 -118.83662414550781 42.69752502441406";
    rotationMatrix = "-0.00798236858099699 0.9871611595153809 0.15952779352664948 0.9882277250289917 0.03216208890080452 -0.1495712250471115 -0.1527816504240036 0.156455859541893 -0.9757967591285706";
    scale = "1.6651493310928345 1.2711772918701172 1.271177053451538";
    decalType = "Visible Mesh Final";
    collisionType = "Collision Mesh";
  };

  new TSStatic() {
    shapeName = "levels/hirochi_raceway/art/shapes/rocks/eca_rock_medium_2.dae";
    position = "-287.6697082519531 -135.24172973632812 44.75410461425781";
    rotationMatrix = "0.5017534494400024 -0.025259295478463173 0.8646417856216431 -0.13714930415153503 -0.9892526268959045 0.05068840831518173 0.8540688157081604 -0.14401811361312866 -0.49982520937919617";
    scale = "1.799773097038269 1.3739495277404785 1.3739491701126099";
    decalType = "Visible Mesh Final";
    collisionType = "Collision Mesh";
  };

  new TSStatic() {
    shapeName = "levels/hirochi_raceway/art/shapes/rocks/eca_rock_medium_2.dae";
    position = "-276.4195251464844 -129.23558044433594 43.75208282470703";
    rotationMatrix = "-0.9382891654968262 -0.3457071781158447 0.009999487549066544 -0.27281150221824646 0.7220521569252014 -0.6357787251472473 0.2125731110572815 -0.5992722511291504 -0.7718065977096558";
    scale = "1.6888636350631714 1.6885038614273071 1.2892804145812988";
    decalType = "Visible Mesh Final";
    collisionType = "Collision Mesh";
  };

  new TSStatic() {
    shapeName = "levels/hirochi_raceway/art/shapes/rocks/eca_rock_medium_2.dae";
    position = "-283.0299072265625 -134.4345703125 44.27128982543945";
    rotationMatrix = "0.7783793807029724 -0.29522061347961426 0.554049015045166 -0.035159945487976074 -0.9016476273536682 -0.43103981018066406 0.6268088221549988 0.31603217124938965 -0.712203860282898";
    scale = "1.3907649517059326 1.0617122650146484 1.0617119073867798";
    decalType = "Visible Mesh Final";
    collisionType = "Collision Mesh";
  };

  new TSStatic() {
    shapeName = "levels/hirochi_raceway/art/shapes/rocks/eca_rock_medium_2.dae";
    position = "-249.09994506835938 -164.90823364257812 37.586795806884766";
    rotationMatrix = "0.9858571887016296 -0.13045713305473328 -0.10519756376743317 0.14185859262943268 0.983826756477356 0.10936661064624786 0.08922852575778961 -0.12274304032325745 0.9884191751480103";
    scale = "1.0 1.0 1.0";
    decalType = "Visible Mesh Final";
    collisionType = "Collision Mesh";
  };

};
//--- OBJECT WRITE END ---