//--- OBJECT WRITE BEGIN ---
$ThisPrefab = new SimGroup() {
  canSave = "1";
  canSaveDynamicFields = "1";
  groupPosition = "0 0 0";

  new TSStatic() {
    shapeName = "levels/hirochi_raceway/art/shapes/rocks/eca_rock_big_narrow.dae";
    position = "-240.60231018066406 -113.31327819824219 32.36030960083008";
    rotationMatrix = "0.4587274193763733 0.8298006057739258 -0.31780511140823364 0.8798750042915344 -0.47412073612213135 0.03208611533045769 -0.12405291944742203 -0.2943475544452667 -0.947613000869751";
    scale = "1.0855021476745605 1.08550226688385 1.0855023860931396";
    decalType = "Visible Mesh Final";
    collisionType = "Collision Mesh";
  };

  new TSStatic() {
    shapeName = "levels/hirochi_raceway/art/shapes/rocks/eca_rock_big_narrow.dae";
    position = "-243.0482177734375 -116.4999771118164 32.649131774902344";
    rotationMatrix = "0.49230703711509705 0.8602535128593445 -0.13265641033649445 -0.8409708738327026 0.509402334690094 0.18242040276527405 0.2245032787322998 0.021753326058387756 0.9742305278778076";
    scale = "1.0855021476745605 1.08550226688385 1.0855023860931396";
    decalType = "Visible Mesh Final";
    collisionType = "Collision Mesh";
  };

  new TSStatic() {
    shapeName = "levels/hirochi_raceway/art/shapes/rocks/eca_rock_big_narrow.dae";
    position = "-263.8000793457031 -161.51681518554688 41.90633010864258";
    rotationMatrix = "0.2930144667625427 0.11351952701807022 0.9493449330329895 -0.9513907432556152 0.13312998414039612 0.2777266502380371 -0.09485887736082077 -0.9845759272575378 0.1470104306936264";
    scale = "1.2254304885864258 1.2254306077957153 1.2254306077957153";
    decalType = "Visible Mesh Final";
    collisionType = "Collision Mesh";
  };

  new TSStatic() {
    shapeName = "levels/hirochi_raceway/art/shapes/rocks/eca_rock_big_narrow.dae";
    position = "-265.9159851074219 -163.50018310546875 41.526004791259766";
    rotationMatrix = "-0.3968537449836731 -0.8289618492126465 -0.39411842823028564 -0.917570173740387 0.36947569251060486 0.1468084156513214 0.023918593302369118 0.4198927581310272 -0.9072585105895996";
    scale = "1.2254304885864258 1.2254306077957153 1.2254306077957153";
    decalType = "Visible Mesh Final";
    collisionType = "Collision Mesh";
  };

  new TSStatic() {
    shapeName = "levels/hirochi_raceway/art/shapes/rocks/eca_rock_big_narrow.dae";
    position = "-261.3328857421875 -163.13385009765625 41.64043045043945";
    rotationMatrix = "-0.2637670338153839 -0.9130904078483582 -0.3109547197818756 0.964217483997345 -0.24067461490631104 -0.11117730289697647 0.026676025241613388 -0.3291528820991516 0.9438997507095337";
    scale = "1.2254304885864258 1.2254306077957153 1.2254306077957153";
    decalType = "Visible Mesh Final";
    collisionType = "Collision Mesh";
  };

  new TSStatic() {
    shapeName = "levels/hirochi_raceway/art/shapes/rocks/eca_rock_big_narrow.dae";
    position = "-253.83055114746094 -171.64004516601562 38.535335540771484";
    rotationMatrix = "-0.24100051820278168 -0.9704474806785583 -0.01226678118109703 0.9629697799682617 -0.23753128945827484 -0.1275465041399002 0.12086344510316849 -0.04255131632089615 0.9917567372322083";
    scale = "1.2254304885864258 1.2254306077957153 1.2254306077957153";
    decalType = "Visible Mesh Final";
    collisionType = "Collision Mesh";
  };

  new TSStatic() {
    shapeName = "levels/hirochi_raceway/art/shapes/rocks/eca_rock_big_narrow.dae";
    position = "-234.97164916992188 -166.6124267578125 36.25598907470703";
    rotationMatrix = "-0.2363109439611435 -0.9697046279907227 0.06188729405403137 0.9716647267341614 -0.23615413904190063 0.009941481053829193 0.0049746399745345116 0.062482982873916626 0.9980336427688599";
    scale = "1.2254304885864258 1.2254306077957153 1.2254306077957153";
    decalType = "Visible Mesh Final";
    collisionType = "Collision Mesh";
  };

  new TSStatic() {
    shapeName = "levels/hirochi_raceway/art/shapes/rocks/eca_rock_big_narrow.dae";
    position = "-225.56358337402344 -165.08685302734375 36.033782958984375";
    rotationMatrix = "-0.5942956805229187 -0.8015706539154053 0.06555242836475372 -0.801880419254303 0.5968233942985535 0.0281003937125206 -0.061647672206163406 -0.035865265876054764 -0.9974533915519714";
    scale = "1.2254304885864258 1.2254306077957153 1.2254306077957153";
    decalType = "Visible Mesh Final";
    collisionType = "Collision Mesh";
  };

  new TSStatic() {
    shapeName = "levels/hirochi_raceway/art/shapes/rocks/eca_rock_big_narrow.dae";
    position = "-223.59303283691406 -160.7667694091797 35.60515594482422";
    rotationMatrix = "-0.5972710847854614 -0.8016729354858398 0.024242911487817764 0.7978424429893494 -0.5969623923301697 -0.08416304737329483 0.0819433405995369 -0.030926132574677467 0.9961570501327515";
    scale = "1.2254304885864258 1.2254306077957153 1.2254306077957153";
    decalType = "Visible Mesh Final";
    collisionType = "Collision Mesh";
  };

  new TSStatic() {
    shapeName = "levels/hirochi_raceway/art/shapes/rocks/eca_rock_big_narrow.dae";
    position = "-221.84022521972656 -192.98594665527344 37.130149841308594";
    rotationMatrix = "0.5812040567398071 0.47623080015182495 -0.6598530411720276 0.7793201804161072 -0.5591357350349426 0.2828909158706665 -0.2342260479927063 -0.6786541938781738 -0.6961082220077515";
    scale = "1.2254304885864258 1.2254306077957153 1.2254306077957153";
    decalType = "Visible Mesh Final";
    collisionType = "Collision Mesh";
  };

  new TSStatic() {
    shapeName = "levels/hirochi_raceway/art/shapes/rocks/eca_rock_big_narrow.dae";
    position = "-224.2373504638672 -199.47198486328125 37.83074951171875";
    rotationMatrix = "0.787442147731781 -0.6144487857818604 0.048862844705581665 0.6162974834442139 0.783484697341919 -0.07955586910247803 0.010599714703857899 0.09275968372821808 0.9956321120262146";
    scale = "1.2254304885864258 1.2254306077957153 1.2254306077957153";
    decalType = "Visible Mesh Final";
    collisionType = "Collision Mesh";
  };

  new TSStatic() {
    shapeName = "levels/hirochi_raceway/art/shapes/rocks/eca_rock_big_narrow.dae";
    position = "-189.36053466796875 -183.25604248046875 34.49092483520508";
    rotationMatrix = "0.648468017578125 -0.7610175013542175 0.01848304085433483 0.7490463852882385 0.633562445640564 -0.193721741437912 0.13571546971797943 0.1394670158624649 0.9808824062347412";
    scale = "1.1440075635910034 1.144007682800293 1.144007682800293";
    decalType = "Visible Mesh Final";
    collisionType = "Collision Mesh";
  };

  new TSStatic() {
    shapeName = "levels/hirochi_raceway/art/shapes/rocks/eca_rock_big_narrow.dae";
    position = "-185.45440673828125 -187.02133178710938 34.657447814941406";
    rotationMatrix = "0.6460937857627869 -0.7632554769515991 -0.001970898825675249 0.7575245499610901 0.6415541768074036 -0.12068495154380798 0.09337789565324783 0.07648079097270966 0.9926888942718506";
    scale = "1.1440075635910034 1.144007682800293 1.144007682800293";
    decalType = "Visible Mesh Final";
    collisionType = "Collision Mesh";
  };

  new TSStatic() {
    shapeName = "levels/hirochi_raceway/art/shapes/rocks/eca_rock_big_narrow.dae";
    position = "-177.7137451171875 -177.4661865234375 34.372005462646484";
    rotationMatrix = "-0.322599858045578 0.09257447719573975 0.9419975280761719 0.4397023916244507 0.8959640860557556 0.06253151595592499 -0.8382070660591125 0.4343712329864502 -0.3297431170940399";
    scale = "1.2254304885864258 1.2254306077957153 1.2254306077957153";
    decalType = "Visible Mesh Final";
    collisionType = "Collision Mesh";
  };

  new TSStatic() {
    shapeName = "levels/hirochi_raceway/art/shapes/rocks/eca_rock_big_narrow.dae";
    position = "-177.2940673828125 -176.88966369628906 34.863887786865234";
    rotationMatrix = "-0.9644553661346436 0.23986491560935974 0.1108631044626236 -0.26086679100990295 -0.9311531186103821 -0.25475946068763733 0.04212266206741333 -0.27462464570999146 0.9606284499168396";
    scale = "1.2254304885864258 1.2254306077957153 1.2254306077957153";
    decalType = "Visible Mesh Final";
    collisionType = "Collision Mesh";
  };

  new TSStatic() {
    shapeName = "levels/hirochi_raceway/art/shapes/rocks/eca_rock_big_narrow.dae";
    position = "-172.44920349121094 -180.48089599609375 33.537288665771484";
    rotationMatrix = "-0.9813053011894226 0.17027588188648224 0.08969950675964355 -0.18420742452144623 -0.9659859538078308 -0.1814904659986496 0.05574501305818558 -0.19462087750434875 0.9792932271957397";
    scale = "1.2254304885864258 1.2254306077957153 1.2254306077957153";
    decalType = "Visible Mesh Final";
    collisionType = "Collision Mesh";
  };

  new TSStatic() {
    shapeName = "levels/hirochi_raceway/art/shapes/rocks/eca_rock_big_narrow.dae";
    position = "-239.85728454589844 -162.98623657226562 36.026275634765625";
    rotationMatrix = "-0.9845221042633057 0.17455171048641205 0.015745315700769424 -0.17264099419116974 -0.9813603162765503 0.08442171663045883 0.030187783762812614 0.08039676398038864 0.9963057041168213";
    scale = "1.2254304885864258 1.2254306077957153 1.2254306077957153";
    decalType = "Visible Mesh Final";
    collisionType = "Collision Mesh";
  };

  new TSStatic() {
    shapeName = "levels/hirochi_raceway/art/shapes/rocks/eca_rock_big_narrow.dae";
    position = "-197.51278686523438 -160.911865234375 36.98310089111328";
    rotationMatrix = "-0.10219545662403107 -0.9745098948478699 -0.1997162401676178 0.9696215391159058 -0.052731044590473175 -0.23885886371135712 0.22223907709121704 -0.2180594503879547 0.9502946138381958";
    scale = "1.178248405456543 1.178248643875122 1.178248405456543";
    decalType = "Visible Mesh Final";
    collisionType = "Collision Mesh";
  };

  new TSStatic() {
    shapeName = "levels/hirochi_raceway/art/shapes/rocks/eca_rock_big_narrow.dae";
    position = "-195.9910888671875 -163.5417938232422 37.013675689697266";
    rotationMatrix = "-0.2709759473800659 -0.9107939004898071 -0.3114907145500183 -0.9625696539878845 0.2544974982738495 0.09322410821914673 -0.0056343358010053635 0.32509300112724304 -0.9456652402877808";
    scale = "1.178248405456543 1.178248643875122 1.178248405456543";
    decalType = "Visible Mesh Final";
    collisionType = "Collision Mesh";
  };

  new TSStatic() {
    shapeName = "levels/hirochi_raceway/art/shapes/rocks/eca_rock_big_narrow.dae";
    position = "-199.7521514892578 -163.2557830810547 37.10746383666992";
    rotationMatrix = "-0.37776488065719604 -0.8722883462905884 -0.31049439311027527 0.9195130467414856 -0.39276042580604553 -0.015328542329370975 -0.10857899487018585 -0.29129424691200256 0.9504516124725342";
    scale = "1.178248405456543 1.178248643875122 1.178248405456543";
    decalType = "Visible Mesh Final";
    collisionType = "Collision Mesh";
  };

  new TSStatic() {
    shapeName = "levels/hirochi_raceway/art/shapes/rocks/eca_rock_big_narrow.dae";
    position = "-271.9245300292969 -118.273193359375 42.28208923339844";
    rotationMatrix = "0.4623308777809143 0.6567261219024658 -0.5957860350608826 0.7963907718658447 -0.6029800772666931 -0.04665554687380791 -0.3898870348930359 -0.4529081881046295 -0.8017868995666504";
    scale = "1.30341637134552 1.3034169673919678 1.3034170866012573";
    decalType = "Visible Mesh Final";
    collisionType = "Collision Mesh";
  };

  new TSStatic() {
    shapeName = "levels/hirochi_raceway/art/shapes/rocks/eca_rock_big_narrow.dae";
    position = "-271.6673889160156 -116.49857330322266 42.28251647949219";
    rotationMatrix = "0.8202258348464966 -0.018503371626138687 -0.5717405080795288 0.2899574637413025 -0.8481153249740601 0.443424254655838 -0.4931067228317261 -0.5294884443283081 -0.6902809143066406";
    scale = "1.30341637134552 1.3034169673919678 1.3034170866012573";
    decalType = "Visible Mesh Final";
    collisionType = "Collision Mesh";
  };

  new TSStatic() {
    shapeName = "levels/hirochi_raceway/art/shapes/rocks/eca_rock_big_narrow.dae";
    position = "-267.56475830078125 -114.76351928710938 42.658634185791016";
    rotationMatrix = "-0.7476051449775696 -0.6594236493110657 -0.07903793454170227 0.6243123412132263 -0.6571806073188782 -0.422312468290329 0.22654061019420624 -0.36506733298301697 0.9029979109764099";
    scale = "1.30341637134552 1.3034169673919678 1.3034170866012573";
    decalType = "Visible Mesh Final";
    collisionType = "Collision Mesh";
  };

  new TSStatic() {
    shapeName = "levels/hirochi_raceway/art/shapes/rocks/eca_rock_big_narrow.dae";
    position = "-278.17987060546875 -157.38674926757812 42.50636672973633";
    rotationMatrix = "0.6078174114227295 -0.741021454334259 -0.2853860855102539 0.39688724279403687 0.594778835773468 -0.6990841627120972 0.6877779364585876 0.3116494119167328 0.6556189060211182";
    scale = "1.1327292919158936 1.1327295303344727 1.1327296495437622";
    decalType = "Visible Mesh Final";
    collisionType = "Collision Mesh";
  };

  new TSStatic() {
    shapeName = "levels/hirochi_raceway/art/shapes/rocks/eca_rock_big_narrow.dae";
    position = "-290.02520751953125 -131.4457550048828 45.0242805480957";
    rotationMatrix = "-0.9612383842468262 -0.06433656066656113 0.26810744404792786 0.27156275510787964 -0.389112263917923 0.8802530169487 0.04769143834710121 0.9189409613609314 0.3915010392665863";
    scale = "1.1327292919158936 1.1327295303344727 1.1327296495437622";
    decalType = "Visible Mesh Final";
    collisionType = "Collision Mesh";
  };

  new TSStatic() {
    shapeName = "levels/hirochi_raceway/art/shapes/rocks/eca_rock_big_narrow.dae";
    position = "-263.5352478027344 -147.68844604492188 43.59779739379883";
    rotationMatrix = "0.08362775295972824 0.8166005611419678 -0.571112871170044 -0.8364856243133545 0.3690022826194763 0.40512844920158386 0.5415700674057007 0.44384774565696716 0.7139334678649902";
    scale = "1.2254304885864258 1.2254306077957153 1.2254306077957153";
    decalType = "Visible Mesh Final";
    collisionType = "Collision Mesh";
  };

  new TSStatic() {
    shapeName = "levels/hirochi_raceway/art/shapes/rocks/eca_rock_big_narrow.dae";
    position = "-268.96295166015625 -158.74288940429688 44.80384063720703";
    rotationMatrix = "0.370917946100235 0.6156072020530701 0.6953040361404419 -0.9064350128173828 0.40283381938934326 0.12688779830932617 -0.20197893679141998 -0.6773128509521484 0.7074261903762817";
    scale = "1.2254304885864258 1.2254306077957153 1.2254306077957153";
    decalType = "Visible Mesh Final";
    collisionType = "Collision Mesh";
  };

  new TSStatic() {
    shapeName = "levels/hirochi_raceway/art/shapes/rocks/eca_rock_big_narrow.dae";
    position = "-262.72430419921875 -93.68848419189453 42.62139892578125";
    rotationMatrix = "-0.2188195288181305 -0.9254060387611389 0.30942147970199585 -0.9703363180160522 0.23977597057819366 0.030901523306965828 -0.1027882844209671 -0.2934810221195221 -0.9504227638244629";
    scale = "1.1723836660385132 1.1723833084106445 1.1723835468292236";
    decalType = "Visible Mesh Final";
    collisionType = "Collision Mesh";
  };

  new TSStatic() {
    shapeName = "levels/hirochi_raceway/art/shapes/rocks/eca_rock_big_narrow.dae";
    position = "-263.3876647949219 -96.37537384033203 42.95867156982422";
    rotationMatrix = "-0.26155221462249756 -0.9619227051734924 -0.07934200763702393 -0.9495729207992554 0.24172210693359375 0.1997040957212448 -0.17292118072509766 0.12757407128810883 -0.976638674736023";
    scale = "1.1723836660385132 1.1723833084106445 1.1723835468292236";
    decalType = "Visible Mesh Final";
    collisionType = "Collision Mesh";
  };

  new TSStatic() {
    shapeName = "levels/hirochi_raceway/art/shapes/rocks/eca_rock_big_narrow.dae";
    position = "-257.06585693359375 -96.26676177978516 41.458683013916016";
    rotationMatrix = "0.2682912051677704 0.963070273399353 -0.02270425856113434 -0.8336974382400513 0.24393023550510406 0.4954257011413574 0.4826680123806 -0.11398986726999283 0.868353545665741";
    scale = "1.1723836660385132 1.1723833084106445 1.1723835468292236";
    decalType = "Visible Mesh Final";
    collisionType = "Collision Mesh";
  };

  new TSStatic() {
    shapeName = "levels/hirochi_raceway/art/shapes/rocks/eca_rock_big_narrow.dae";
    position = "-247.58758544921875 -100.74125671386719 37.338600158691406";
    rotationMatrix = "0.27207502722740173 0.9577556252479553 -0.09316282719373703 -0.841467559337616 0.28376540541648865 0.4597929120063782 0.466805636882782 -0.04670467600226402 0.8831257820129395";
    scale = "1.1723836660385132 1.1723833084106445 1.1723835468292236";
    decalType = "Visible Mesh Final";
    collisionType = "Collision Mesh";
  };

  new TSStatic() {
    shapeName = "levels/hirochi_raceway/art/shapes/rocks/eca_rock_big_narrow.dae";
    position = "-256.03460693359375 -88.7555923461914 40.22410202026367";
    rotationMatrix = "-0.22755292057991028 -0.9434518218040466 0.24107731878757477 0.9623115658760071 -0.2557365894317627 -0.09249455481767654 0.14891645312309265 0.21094408631324768 0.9660882353782654";
    scale = "1.353182077407837 1.353182077407837 1.353182077407837";
    decalType = "Visible Mesh Final";
    collisionType = "Collision Mesh";
  };

  new TSStatic() {
    shapeName = "levels/hirochi_raceway/art/shapes/rocks/eca_rock_big_narrow.dae";
    position = "-245.02499389648438 -90.78121185302734 35.466522216796875";
    rotationMatrix = "-0.6184141635894775 -0.7362596392631531 0.2747465670108795 0.7559755444526672 -0.6528456211090088 -0.04789111390709877 0.21462738513946533 0.17808514833450317 0.9603232741355896";
    scale = "1.353182077407837 1.353182077407837 1.353182077407837";
    decalType = "Visible Mesh Final";
    collisionType = "Collision Mesh";
  };

  new TSStatic() {
    shapeName = "levels/hirochi_raceway/art/shapes/rocks/eca_rock_big_narrow.dae";
    position = "-248.0782470703125 -95.23638153076172 36.7220344543457";
    rotationMatrix = "0.9584577679634094 -0.2830422818660736 -0.03529521822929382 0.2843106985092163 0.9579620957374573 0.03841874375939369 0.0229373537003994 -0.0468575544655323 0.9986382126808167";
    scale = "1.353182077407837 1.353182077407837 1.353182077407837";
    decalType = "Visible Mesh Final";
    collisionType = "Collision Mesh";
  };

  new TSStatic() {
    shapeName = "levels/hirochi_raceway/art/shapes/rocks/eca_rock_big_narrow.dae";
    position = "-251.75482177734375 -89.71388244628906 38.86477279663086";
    rotationMatrix = "0.718183159828186 0.6712771654129028 -0.18330281972885132 -0.5627620220184326 0.715243399143219 0.4143981635570526 0.4092821478843689 -0.19445790350437164 0.8914450407028198";
    scale = "1.353182077407837 1.353182077407837 1.353182077407837";
    decalType = "Visible Mesh Final";
    collisionType = "Collision Mesh";
  };

  new TSStatic() {
    shapeName = "levels/hirochi_raceway/art/shapes/rocks/eca_rock_big_narrow.dae";
    position = "-178.06068420410156 -98.6084976196289 33.80990219116211";
    rotationMatrix = "-0.4612294137477875 -0.876838207244873 -0.1357283741235733 0.8837890625 -0.4675651788711548 0.017310258001089096 -0.0786401629447937 -0.11197125911712646 0.9905948638916016";
    scale = "1.3056426048278809 1.3056426048278809 1.3056427240371704";
    decalType = "Visible Mesh Final";
    collisionType = "Collision Mesh";
  };

  new TSStatic() {
    shapeName = "levels/hirochi_raceway/art/shapes/rocks/eca_rock_big_narrow.dae";
    position = "-180.53875732421875 -108.58236694335938 33.51720428466797";
    rotationMatrix = "-0.4656829237937927 -0.8849513530731201 -0.0007545073167420924 0.8848567008972168 -0.4656202793121338 -0.015046175569295883 0.012963819317519665 -0.007674377877265215 0.9998865127563477";
    scale = "1.3056426048278809 1.3056426048278809 1.3056427240371704";
    decalType = "Visible Mesh Final";
    collisionType = "Collision Mesh";
  };

  new TSStatic() {
    shapeName = "levels/hirochi_raceway/art/shapes/rocks/eca_rock_big_narrow.dae";
    position = "-185.99496459960938 -112.32389831542969 33.847415924072266";
    rotationMatrix = "0.46429210901260376 0.8850240111351013 0.03413737937808037 -0.883169412612915 0.4655321538448334 -0.05737205967307091 -0.06666769832372665 -0.003511694259941578 0.9977690577507019";
    scale = "1.3056426048278809 1.3056426048278809 1.3056427240371704";
    decalType = "Visible Mesh Final";
    collisionType = "Collision Mesh";
  };

  new TSStatic() {
    shapeName = "levels/hirochi_raceway/art/shapes/rocks/eca_rock_big_narrow.dae";
    position = "-211.16726684570312 -105.9361343383789 34.80125045776367";
    rotationMatrix = "-0.4568328261375427 -0.8681349754333496 -0.19402436912059784 0.8798054456710815 -0.47314882278442383 0.045525435358285904 -0.1313246190547943 -0.149906188249588 0.9799397587776184";
    scale = "1.3056426048278809 1.3056426048278809 1.3056427240371704";
    decalType = "Visible Mesh Final";
    collisionType = "Collision Mesh";
  };

  new TSStatic() {
    shapeName = "levels/hirochi_raceway/art/shapes/rocks/eca_rock_big_narrow.dae";
    position = "-209.81797790527344 -110.3853530883789 34.167057037353516";
    rotationMatrix = "-0.455509752035141 -0.8664361238479614 -0.20444880425930023 0.8824741840362549 -0.4697223901748657 0.024499190971255302 -0.11726116389036179 -0.169261172413826 0.9785706400871277";
    scale = "1.3056426048278809 1.3056426048278809 1.3056427240371704";
    decalType = "Visible Mesh Final";
    collisionType = "Collision Mesh";
  };

  new TSStatic() {
    shapeName = "levels/hirochi_raceway/art/shapes/rocks/eca_rock_big_narrow.dae";
    position = "-195.3865509033203 -107.38662719726562 34.61037063598633";
    rotationMatrix = "-0.4596901535987854 -0.8839360475540161 0.08568599820137024 0.8836257457733154 -0.4649015963077545 -0.05542587488889694 0.08882848173379898 0.050235625356435776 0.9947792887687683";
    scale = "1.3056426048278809 1.3056426048278809 1.3056427240371704";
    decalType = "Visible Mesh Final";
    collisionType = "Collision Mesh";
  };

  new TSStatic() {
    shapeName = "levels/hirochi_raceway/art/shapes/rocks/eca_rock_big_narrow.dae";
    position = "-236.6847686767578 -81.69937896728516 33.4171142578125";
    rotationMatrix = "0.1681155413389206 0.7649818658828735 -0.6217232942581177 -0.7506762146949768 0.5081354975700378 0.42223626375198364 0.6389228105545044 0.3957284390926361 0.6596792340278625";
    scale = "1.353182077407837 1.353182077407837 1.353182077407837";
    decalType = "Visible Mesh Final";
    collisionType = "Collision Mesh";
  };

  new TSStatic() {
    shapeName = "levels/hirochi_raceway/art/shapes/rocks/eca_rock_big_narrow.dae";
    position = "-251.6471710205078 -75.72509765625 37.79866027832031";
    rotationMatrix = "0.4841943085193634 0.5835270881652832 -0.6519601345062256 -0.7706180214881897 0.6372944116592407 -0.001917711808346212 0.414371520280838 0.5033407211303711 0.7582508325576782";
    scale = "1.353182077407837 1.353182077407837 1.353182077407837";
    decalType = "Visible Mesh Final";
    collisionType = "Collision Mesh";
  };

  new TSStatic() {
    shapeName = "levels/hirochi_raceway/art/shapes/rocks/eca_rock_big_narrow.dae";
    position = "-245.08567810058594 -75.30363464355469 35.02437210083008";
    rotationMatrix = "0.5455717444419861 0.6702818870544434 -0.5030643343925476 -0.7988809943199158 0.597345232963562 -0.07048241049051285 0.2532599866390228 0.4403417408466339 0.8613701462745667";
    scale = "1.353182077407837 1.353182077407837 1.353182077407837";
    decalType = "Visible Mesh Final";
    collisionType = "Collision Mesh";
  };

  new TSStatic() {
    shapeName = "levels/hirochi_raceway/art/shapes/rocks/eca_rock_big_narrow.dae";
    position = "-211.83453369140625 -82.56045532226562 31.51064682006836";
    rotationMatrix = "-0.15459199249744415 -0.9665669202804565 -0.20457200706005096 -0.9877291321754456 0.15585455298423767 0.010026584379374981 0.02219211310148239 0.20361176133155823 -0.9788001775741577";
    scale = "1.353182077407837 1.353182077407837 1.353182077407837";
    decalType = "Visible Mesh Final";
    collisionType = "Collision Mesh";
  };

  new TSStatic() {
    shapeName = "levels/hirochi_raceway/art/shapes/rocks/eca_rock_big_narrow.dae";
    position = "-211.73536682128906 -87.43927001953125 32.30815887451172";
    rotationMatrix = "0.2948436737060547 0.9346132874488831 -0.19890998303890228 0.95441073179245 -0.2981843650341034 0.013648693449795246 -0.04655560106039047 -0.1938660591840744 -0.9799227118492126";
    scale = "1.353182077407837 1.353182077407837 1.353182077407837";
    decalType = "Visible Mesh Final";
    collisionType = "Collision Mesh";
  };

  new TSStatic() {
    shapeName = "levels/hirochi_raceway/art/shapes/rocks/eca_rock_big_narrow.dae";
    position = "-215.3907470703125 -83.83379364013672 31.44426727294922";
    rotationMatrix = "0.2948436737060547 0.9346132874488831 -0.19891001284122467 -0.95441073179245 0.2981843054294586 -0.01364901289343834 0.0465552993118763 0.19386617839336395 0.9799227118492126";
    scale = "1.353182077407837 1.353182077407837 1.353182077407837";
    decalType = "Visible Mesh Final";
    collisionType = "Collision Mesh";
  };

  new TSStatic() {
    shapeName = "levels/hirochi_raceway/art/shapes/rocks/eca_rock_big_narrow.dae";
    position = "-156.21945190429688 -137.9248809814453 35.73908996582031";
    rotationMatrix = "-0.8205313086509705 0.5280776619911194 0.21877476572990417 0.5357955694198608 0.8439009785652161 -0.02746298722922802 -0.19912682473659515 0.09468431025743484 -0.9753888249397278";
    scale = "1.1440075635910034 1.144007682800293 1.144007682800293";
    decalType = "Visible Mesh Final";
    collisionType = "Collision Mesh";
  };

  new TSStatic() {
    shapeName = "levels/hirochi_raceway/art/shapes/rocks/eca_rock_big_narrow.dae";
    position = "-154.44903564453125 -140.6354217529297 34.748538970947266";
    rotationMatrix = "-0.7933065295219421 0.21007150411605835 0.5714321136474609 0.30044135451316833 0.9514207243919373 0.06733206659555435 -0.5295277833938599 0.22509680688381195 -0.8178824782371521";
    scale = "1.1440075635910034 1.144007682800293 1.144007682800293";
    decalType = "Visible Mesh Final";
    collisionType = "Collision Mesh";
  };

  new TSStatic() {
    shapeName = "levels/hirochi_raceway/art/shapes/rocks/eca_rock_big_narrow.dae";
    position = "-158.5642547607422 -138.205322265625 35.44654846191406";
    rotationMatrix = "-0.9766177535057068 0.13853633403778076 -0.1643940657377243 -0.1609734147787094 -0.9780842065811157 0.13205642998218536 -0.14249661564826965 0.15543173253536224 0.9775150418281555";
    scale = "1.1440075635910034 1.144007682800293 1.144007682800293";
    decalType = "Visible Mesh Final";
    collisionType = "Collision Mesh";
  };

  new TSStatic() {
    shapeName = "levels/hirochi_raceway/art/shapes/rocks/eca_rock_big_narrow.dae";
    position = "-160.1270751953125 -144.28744506835938 36.759647369384766";
    rotationMatrix = "-0.9405995607376099 0.31786197423934937 0.11931577324867249 0.27794528007507324 0.9227268695831299 -0.26706087589263916 -0.19498436152935028 -0.21803408861160278 -0.9562647342681885";
    scale = "1.1440075635910034 1.144007682800293 1.144007682800293";
    decalType = "Visible Mesh Final";
    collisionType = "Collision Mesh";
  };

  new TSStatic() {
    shapeName = "levels/hirochi_raceway/art/shapes/rocks/eca_rock_big_narrow.dae";
    position = "-161.49737548828125 -152.592041015625 37.26863479614258";
    rotationMatrix = "-0.7147195935249329 0.2857148349285126 0.6383908987045288 0.21483197808265686 0.9583113789558411 -0.18837855756282806 -0.6655998229980469 0.0025089376140385866 -0.7463046312332153";
    scale = "1.1440075635910034 1.144007682800293 1.144007682800293";
    decalType = "Visible Mesh Final";
    collisionType = "Collision Mesh";
  };

  new TSStatic() {
    shapeName = "levels/hirochi_raceway/art/shapes/rocks/eca_rock_big_narrow.dae";
    position = "-160.63307189941406 -150.89329528808594 37.23880386352539";
    rotationMatrix = "-0.43421950936317444 0.33620160818099976 0.8357164263725281 0.568717360496521 0.8217836022377014 -0.03510376811027527 -0.6985799670219421 0.46004369854927063 -0.5480381846427917";
    scale = "1.1440075635910034 1.144007682800293 1.144007682800293";
    decalType = "Visible Mesh Final";
    collisionType = "Collision Mesh";
  };

  new TSStatic() {
    shapeName = "levels/hirochi_raceway/art/shapes/rocks/eca_rock_big_narrow.dae";
    position = "-175.67185974121094 -158.56495666503906 38.7241096496582";
    rotationMatrix = "0.16306006908416748 -0.6670342087745667 0.7269641160964966 0.7674677968025208 0.5487868189811707 0.33140042424201965 -0.6200037598609924 0.5038833618164062 0.6014124751091003";
    scale = "1.1440075635910034 1.144007682800293 1.144007682800293";
    decalType = "Visible Mesh Final";
    collisionType = "Collision Mesh";
  };

  new TSStatic() {
    shapeName = "levels/hirochi_raceway/art/shapes/rocks/eca_rock_big_narrow.dae";
    position = "-173.596435546875 -154.2630157470703 39.476505279541016";
    rotationMatrix = "-0.92147296667099 0.32986727356910706 -0.20512238144874573 0.34419646859169006 0.9381461143493652 -0.0375581718981266 0.18004556000232697 -0.10521123558282852 -0.9780154228210449";
    scale = "1.1440075635910034 1.144007682800293 1.144007682800293";
    decalType = "Visible Mesh Final";
    collisionType = "Collision Mesh";
  };

  new TSStatic() {
    shapeName = "levels/hirochi_raceway/art/shapes/rocks/eca_rock_big_narrow.dae";
    position = "-171.23812866210938 -147.28602600097656 38.11538314819336";
    rotationMatrix = "0.8536018133163452 -0.22943580150604248 -0.4676784574985504 0.1586214154958725 0.969628632068634 -0.18617065250873566 0.4961886405944824 0.08473177999258041 0.8640702366828918";
    scale = "1.1440075635910034 1.144007682800293 1.144007682800293";
    decalType = "Visible Mesh Final";
    collisionType = "Collision Mesh";
  };

  new TSStatic() {
    shapeName = "levels/hirochi_raceway/art/shapes/rocks/eca_rock_big_narrow.dae";
    position = "-170.95164489746094 -141.2855224609375 37.21995162963867";
    rotationMatrix = "-0.9107815623283386 0.3045195937156677 0.278827428817749 0.20757266879081726 0.9214678406715393 -0.32834523916244507 -0.356918066740036 -0.2411738485097885 -0.9024658799171448";
    scale = "1.1440075635910034 1.144007682800293 1.144007682800293";
    decalType = "Visible Mesh Final";
    collisionType = "Collision Mesh";
  };

  new TSStatic() {
    shapeName = "levels/hirochi_raceway/art/shapes/rocks/eca_rock_big_narrow.dae";
    position = "-169.54183959960938 -138.83558654785156 35.93875503540039";
    rotationMatrix = "-0.8880202770233154 0.31802499294281006 0.33208441734313965 0.3247554898262024 0.9450874924659729 -0.03665325790643692 -0.32550549507141113 0.07529740035533905 -0.942537248134613";
    scale = "1.1440075635910034 1.144007682800293 1.144007682800293";
    decalType = "Visible Mesh Final";
    collisionType = "Collision Mesh";
  };

  new TSStatic() {
    shapeName = "levels/hirochi_raceway/art/shapes/rocks/eca_rock_big_narrow.dae";
    position = "-167.37745666503906 -134.38038635253906 35.4224853515625";
    rotationMatrix = "-0.8011574745178223 0.2478572130203247 0.5447141528129578 -0.3600439131259918 -0.9266759753227234 -0.10788876563310623 0.47803252935409546 -0.2825569212436676 0.8316528797149658";
    scale = "1.1440075635910034 1.144007682800293 1.144007682800293";
    decalType = "Visible Mesh Final";
    collisionType = "Collision Mesh";
  };

  new TSStatic() {
    shapeName = "levels/hirochi_raceway/art/shapes/rocks/eca_rock_big_narrow.dae";
    position = "-165.37469482421875 -128.94296264648438 36.63703536987305";
    rotationMatrix = "-0.8282421231269836 0.3740643262863159 0.41724199056625366 -0.4884875416755676 -0.8468004465103149 -0.21049679815769196 0.27458134293556213 -0.3781598210334778 0.8840816020965576";
    scale = "1.1440075635910034 1.144007682800293 1.144007682800293";
    decalType = "Visible Mesh Final";
    collisionType = "Collision Mesh";
  };

  new TSStatic() {
    shapeName = "levels/hirochi_raceway/art/shapes/rocks/eca_rock_big_narrow.dae";
    position = "-170.4735565185547 -173.28414916992188 37.59101486206055";
    rotationMatrix = "-0.7962877750396729 0.6040893793106079 0.031651079654693604 -0.5672098994255066 -0.727443277835846 -0.38613367080688477 -0.2102348804473877 -0.325426310300827 0.921899676322937";
    scale = "1.1440075635910034 1.144007682800293 1.144007682800293";
    decalType = "Visible Mesh Final";
    collisionType = "Collision Mesh";
  };

  new TSStatic() {
    shapeName = "levels/hirochi_raceway/art/shapes/rocks/eca_rock_big_narrow.dae";
    position = "-167.04396057128906 -173.799560546875 37.52790832519531";
    rotationMatrix = "0.8235544562339783 -0.5041516423225403 -0.2599792778491974 -0.5672100782394409 -0.7274429798126221 -0.38613396883010864 0.005549970082938671 0.4654652178287506 -0.8850487470626831";
    scale = "1.1440075635910034 1.144007682800293 1.144007682800293";
    decalType = "Visible Mesh Final";
    collisionType = "Collision Mesh";
  };

  new TSStatic() {
    shapeName = "levels/hirochi_raceway/art/shapes/rocks/eca_rock_big_narrow.dae";
    position = "-174.6359100341797 -173.94384765625 35.97972106933594";
    rotationMatrix = "0.5804239511489868 -0.7464919686317444 -0.32535800337791443 -0.6971383690834045 -0.2490299940109253 -0.6722961664199829 0.42083975672721863 0.6170363426208496 -0.6649511456489563";
    scale = "1.1440075635910034 1.144007682800293 1.144007682800293";
    decalType = "Visible Mesh Final";
    collisionType = "Collision Mesh";
  };

  new TSStatic() {
    shapeName = "levels/hirochi_raceway/art/shapes/rocks/eca_rock_big_narrow.dae";
    position = "-170.9496307373047 -170.78810119628906 38.80765151977539";
    rotationMatrix = "0.7862659692764282 -0.5895206928253174 -0.18507084250450134 0.6095393896102905 0.6909605860710144 0.3886324465274811 -0.1012301966547966 -0.41837644577026367 0.9026148915290833";
    scale = "1.1440075635910034 1.144007682800293 1.144007682800293";
    decalType = "Visible Mesh Final";
    collisionType = "Collision Mesh";
  };

  new TSStatic() {
    shapeName = "levels/hirochi_raceway/art/shapes/rocks/eca_rock_big_narrow.dae";
    position = "-261.5675048828125 -76.5439453125 39.76923751831055";
    rotationMatrix = "0.33057528734207153 0.7122743129730225 0.6191811561584473 0.8993782997131348 -0.43661296367645264 0.022087184712290764 0.2860746383666992 0.5495765805244446 -0.7849375009536743";
    scale = "1.353182077407837 1.353182077407837 1.353182077407837";
    decalType = "Visible Mesh Final";
    collisionType = "Collision Mesh";
  };

  new TSStatic() {
    shapeName = "levels/hirochi_raceway/art/shapes/rocks/eca_rock_big_narrow.dae";
    position = "-266.52130126953125 -70.9191665649414 39.457481384277344";
    rotationMatrix = "0.7642333507537842 0.6266522407531738 0.15249374508857727 -0.6100069880485535 0.7791040539741516 -0.1445278376340866 -0.20937718451023102 0.017430737614631653 0.9776795506477356";
    scale = "1.353182077407837 1.353182077407837 1.353182077407837";
    decalType = "Visible Mesh Final";
    collisionType = "Collision Mesh";
  };

  new TSStatic() {
    shapeName = "levels/hirochi_raceway/art/shapes/rocks/eca_rock_big_narrow.dae";
    position = "-268.1211242675781 -76.36526489257812 39.950767517089844";
    rotationMatrix = "0.6430375576019287 0.7658300995826721 -0.0026432464364916086 0.7645245790481567 -0.642135500907898 -0.05625103414058685 -0.044776055961847305 0.03415070101618767 -0.9984131455421448";
    scale = "1.353182077407837 1.353182077407837 1.353182077407837";
    decalType = "Visible Mesh Final";
    collisionType = "Collision Mesh";
  };

  new TSStatic() {
    shapeName = "levels/hirochi_raceway/art/shapes/rocks/eca_rock_big_narrow.dae";
    position = "-230.37918090820312 -92.5846176147461 33.14323043823242";
    rotationMatrix = "0.7784857153892517 0.586066722869873 -0.22469036281108856 -0.5577762126922607 0.8101199865341187 0.18053068220615387 0.2878291606903076 -0.015213617123663425 0.9575608968734741";
    scale = "1.3056426048278809 1.3056426048278809 1.3056427240371704";
    decalType = "Visible Mesh Final";
    collisionType = "Collision Mesh";
  };

  new TSStatic() {
    shapeName = "levels/hirochi_raceway/art/shapes/rocks/eca_rock_big_narrow.dae";
    position = "-161.09402465820312 -102.22526550292969 35.61750793457031";
    rotationMatrix = "-0.8254468441009521 -0.5031601190567017 -0.25586608052253723 -0.48994535207748413 0.8637390732765198 -0.11793370544910431 0.2803410589694977 0.028012387454509735 -0.9594916105270386";
    scale = "1.1440075635910034 1.144007682800293 1.144007682800293";
    decalType = "Visible Mesh Final";
    collisionType = "Collision Mesh";
  };

  new TSStatic() {
    shapeName = "levels/hirochi_raceway/art/shapes/rocks/eca_rock_big_narrow.dae";
    position = "-163.9384307861328 -103.52699279785156 34.71161651611328";
    rotationMatrix = "-0.9482554793357849 -0.24737174808979034 -0.1990446001291275 0.21895287930965424 -0.9634603261947632 0.1542850136756897 -0.2299373298883438 0.1027202233672142 0.9677692651748657";
    scale = "1.1440075635910034 1.144007682800293 1.144007682800293";
    decalType = "Visible Mesh Final";
    collisionType = "Collision Mesh";
  };

  new TSStatic() {
    shapeName = "levels/hirochi_raceway/art/shapes/rocks/eca_rock_big_narrow.dae";
    position = "-164.096435546875 -97.33567810058594 34.65015411376953";
    rotationMatrix = "0.88174968957901 -0.4639202058315277 0.08541371673345566 -0.4181619882583618 -0.852519154548645 -0.313610702753067 0.21830716729164124 0.2408093810081482 -0.945702314376831";
    scale = "1.1440075635910034 1.144007682800293 1.144007682800293";
    decalType = "Visible Mesh Final";
    collisionType = "Collision Mesh";
  };

  new TSStatic() {
    shapeName = "levels/hirochi_raceway/art/shapes/rocks/eca_rock_big_narrow.dae";
    position = "-160.1505584716797 -113.09691619873047 37.36411666870117";
    rotationMatrix = "0.9500771760940552 0.12088004499673843 0.2876480221748352 0.08658993244171143 -0.9878402948379517 0.12912675738334656 0.2997591495513916 -0.09777296334505081 -0.9489915370941162";
    scale = "1.1440075635910034 1.144007682800293 1.144007682800293";
    decalType = "Visible Mesh Final";
    collisionType = "Collision Mesh";
  };

  new TSStatic() {
    shapeName = "levels/hirochi_raceway/art/shapes/rocks/eca_rock_big_narrow.dae";
    position = "-161.48748779296875 -119.7359619140625 37.39081573486328";
    rotationMatrix = "0.6095877885818481 -0.708694577217102 -0.3551826775074005 0.7680763602256775 0.6388813853263855 0.043465521186590195 0.19611582159996033 -0.29930347204208374 0.9337858557701111";
    scale = "1.1440075635910034 1.144007682800293 1.144007682800293";
    decalType = "Visible Mesh Final";
    collisionType = "Collision Mesh";
  };

  new TSStatic() {
    shapeName = "levels/hirochi_raceway/art/shapes/rocks/eca_rock_big_narrow.dae";
    position = "-158.62986755371094 -120.5379867553711 37.40258026123047";
    rotationMatrix = "0.9462006688117981 -0.2653394043445587 0.1852005422115326 0.19378459453582764 0.9230250120162964 0.3323737382888794 -0.2591365873813629 -0.2786032557487488 0.9247856140136719";
    scale = "0.9201967120170593 0.9201968312263489 0.9201968312263489";
    decalType = "Visible Mesh Final";
    collisionType = "Collision Mesh";
  };

  new TSStatic() {
    shapeName = "levels/hirochi_raceway/art/shapes/rocks/eca_rock_big_narrow.dae";
    position = "-224.97207641601562 -129.44927978515625 34.20114517211914";
    rotationMatrix = "0.501416027545929 -0.846697211265564 0.17800509929656982 -0.863997220993042 -0.5008766651153564 0.05129755660891533 0.04572509974241257 -0.17951732873916626 -0.9826915860176086";
    scale = "1.0974751710891724 1.0974754095077515 1.097475290298462";
    decalType = "Visible Mesh Final";
