//--- OBJECT WRITE BEGIN ---
$ThisPrefab = new SimGroup() {
  canSave = "1";
  canSaveDynamicFields = "1";
  groupPosition = "0 0 0";

  new TSStatic() {
    shapeName = "/levels/hirochi_raceway/art/shapes/rocks/eca_rock_big_wide.dae";
    position = "-272.0517883300781 -165.16717529296875 41.385658264160156";
    rotationMatrix = "-0.38481634855270386 -0.9149782061576843 -0.12137237936258316 -0.9204168319702148 0.3705916404724121 0.12447775900363922 -0.06891484558582306 0.15961425006389618 -0.9847710728645325";
    scale = "1.285259485244751 1.285259485244751 1.285259485244751";
    decalType = "Visible Mesh Final";
    collisionType = "Collision Mesh";
  };

  new TSStatic() {
    shapeName = "/levels/hirochi_raceway/art/shapes/rocks/eca_rock_big_wide.dae";
    position = "-266.0819091796875 -168.13726806640625 40.75802230834961";
    rotationMatrix = "-0.46004483103752136 -0.8843892812728882 -0.0788310170173645 0.8823822736740112 -0.4455038607120514 -0.15141956508159637 0.09879432618618011 -0.13921888172626495 0.9853211641311646";
    scale = "1.285259485244751 1.285259485244751 1.285259485244751";
    decalType = "Visible Mesh Final";
    collisionType = "Collision Mesh";
  };

  new TSStatic() {
    shapeName = "/levels/hirochi_raceway/art/shapes/rocks/eca_rock_big_wide.dae";
    position = "-228.76174926757812 -196.1646270751953 37.76642608642578";
    rotationMatrix = "-0.48617783188819885 -0.8668054938316345 0.11081237345933914 -0.871751606464386 0.489892840385437 0.0073590464890003204 -0.06066504865884781 -0.09302305430173874 -0.9938141107559204";
    scale = "1.285259485244751 1.285259485244751 1.285259485244751";
    decalType = "Visible Mesh Final";
    collisionType = "Collision Mesh";
  };

  new TSStatic() {
    shapeName = "/levels/hirochi_raceway/art/shapes/rocks/eca_rock_big_wide.dae";
    position = "-236.6520538330078 -192.2555389404297 37.90065383911133";
    rotationMatrix = "-0.48633065819740295 -0.8670372366905212 0.1083003431558609 0.8716995120048523 -0.48997193574905396 -0.008215276524424553 0.06018708273768425 0.090410016477108 0.9940842986106873";
    scale = "1.285259485244751 1.285259485244751 1.285259485244751";
    decalType = "Visible Mesh Final";
    collisionType = "Collision Mesh";
  };

  new TSStatic() {
    shapeName = "/levels/hirochi_raceway/art/shapes/rocks/eca_rock_big_wide.dae";
    position = "-220.8742218017578 -193.64662170410156 37.29002380371094";
    rotationMatrix = "-0.4862856864929199 -0.871116578578949 0.06842585653066635 -0.8715673685073853 0.4779595732688904 -0.1092015728354454 0.062422510236501694 -0.1127409040927887 -0.9916616678237915";
    scale = "1.285259485244751 1.285259485244751 1.285259485244751";
    decalType = "Visible Mesh Final";
    collisionType = "Collision Mesh";
  };

  new TSStatic() {
    shapeName = "/levels/hirochi_raceway/art/shapes/rocks/eca_rock_big_wide.dae";
    position = "-227.9875946044922 -192.60707092285156 37.26709747314453";
    rotationMatrix = "-0.4862827658653259 -0.8711426258087158 0.06811472773551941 0.8726916313171387 -0.48811495304107666 -0.012373635545372963 0.044027019292116165 0.053426068276166916 0.9976007342338562";
    scale = "1.285259485244751 1.285259485244751 1.285259485244751";
    decalType = "Visible Mesh Final";
    collisionType = "Collision Mesh";
  };

  new TSStatic() {
    shapeName = "/levels/hirochi_raceway/art/shapes/rocks/eca_rock_big_wide.dae";
    position = "-162.59803771972656 -164.3762969970703 39.695106506347656";
    rotationMatrix = "0.7212770581245422 -0.5003157258033752 -0.4790026843547821 0.5025181770324707 0.8539246916770935 -0.13523326814174652 0.4766915440559387 -0.1431668996810913 0.8673340678215027";
    scale = "1.285259485244751 1.285259485244751 1.285259485244751";
    decalType = "Visible Mesh Final";
    collisionType = "Collision Mesh";
  };

  new TSStatic() {
    shapeName = "/levels/hirochi_raceway/art/shapes/rocks/eca_rock_big_wide.dae";
    position = "-179.01113891601562 -184.34364318847656 33.74689865112305";
    rotationMatrix = "-0.34647423028945923 0.9370973110198975 0.0424765944480896 0.9310237169265747 0.3490583598613739 -0.10655105113983154 -0.11467550694942474 0.002629523864015937 -0.9933995008468628";
    scale = "1.285259485244751 1.285259485244751 1.285259485244751";
    decalType = "Visible Mesh Final";
    collisionType = "Collision Mesh";
  };

  new TSStatic() {
    shapeName = "/levels/hirochi_raceway/art/shapes/rocks/eca_rock_big_wide.dae";
    position = "-184.31735229492188 -180.9355010986328 34.137210845947266";
    rotationMatrix = "0.3503684103488922 -0.9363539814949036 0.021982785314321518 0.9365944266319275 0.35012179613113403 -0.014337270520627499 0.005728107877075672 0.025612281635403633 0.999655544757843";
    scale = "1.285259485244751 1.285259485244751 1.285259485244751";
    decalType = "Visible Mesh Final";
    collisionType = "Collision Mesh";
  };

  new TSStatic() {
    shapeName = "/levels/hirochi_raceway/art/shapes/rocks/eca_rock_big_wide.dae";
    position = "-152.33094787597656 -104.86253356933594 33.72623825073242";
    rotationMatrix = "0.8741204738616943 -0.05384114757180214 -0.4827158451080322 -0.005402019247412682 0.9926979541778564 -0.12050570547580719 0.48567917943000793 0.10794413834810257 0.8674467206001282";
    scale = "1.285259485244751 1.285259485244751 1.285259485244751";
    decalType = "Visible Mesh Final";
    collisionType = "Collision Mesh";
  };

  new TSStatic() {
    shapeName = "/levels/hirochi_raceway/art/shapes/rocks/eca_rock_big_wide.dae";
    position = "-267.8740539550781 -111.12877655029297 42.83556365966797";
    rotationMatrix = "0.7706317901611328 -0.6370074152946472 0.018658358603715897 0.6197510957717896 0.7559326887130737 0.2108892798423767 -0.14844250679016113 -0.1509544551372528 0.9773318767547607";
    scale = "1.285259485244751 1.285259485244751 1.285259485244751";
    decalType = "Visible Mesh Final";
    collisionType = "Collision Mesh";
  };

  new TSStatic() {
    shapeName = "/levels/hirochi_raceway/art/shapes/rocks/eca_rock_big_wide.dae";
    position = "-266.25738525390625 -143.9474334716797 43.93431091308594";
    rotationMatrix = "-0.42139410972595215 -0.7530365586280823 0.5053344368934631 0.8048625588417053 -0.5673112273216248 -0.17422476410865784 0.41787952184677124 0.3333074748516083 0.8451525568962097";
    scale = "1.285259485244751 1.285259485244751 1.285259485244751";
    decalType = "Visible Mesh Final";
    collisionType = "Collision Mesh";
  };

  new TSStatic() {
    shapeName = "/levels/hirochi_raceway/art/shapes/rocks/eca_rock_big_wide.dae";
    position = "-273.06256103515625 -158.64744567871094 43.1740837097168";
    rotationMatrix = "0.6961342692375183 0.5346494913101196 0.4791106581687927 -0.6530888676643372 0.7487457394599915 0.11337881535291672 -0.298114150762558 -0.391828715801239 0.8704012036323547";
    scale = "1.285259485244751 1.285259485244751 1.285259485244751";
    decalType = "Visible Mesh Final";
    collisionType = "Collision Mesh";
  };

  new TSStatic() {
    shapeName = "/levels/hirochi_raceway/art/shapes/rocks/eca_rock_big_wide.dae";
    position = "-266.1921691894531 -161.5724639892578 42.25727081298828";
    rotationMatrix = "0.6949660778045654 0.5276519060134888 0.48847272992134094 -0.7109108567237854 0.40233832597732544 0.5768271684646606 0.1078326478600502 -0.7481359243392944 0.6547249555587769";
    scale = "1.285259485244751 1.285259485244751 1.285259485244751";
    decalType = "Visible Mesh Final";
    collisionType = "Collision Mesh";
  };

  new TSStatic() {
    shapeName = "/levels/hirochi_raceway/art/shapes/rocks/eca_rock_big_wide.dae";
    position = "-257.3641357421875 -167.4927520751953 39.86320495605469";
    rotationMatrix = "0.6395595669746399 0.7528747320175171 0.1553807109594345 -0.7527027130126953 0.5722184181213379 0.32558366656303406 0.15621201694011688 -0.325185626745224 0.9326586127281189";
    scale = "1.285259485244751 1.285259485244751 1.285259485244751";
    decalType = "Visible Mesh Final";
    collisionType = "Collision Mesh";
  };

  new TSStatic() {
    shapeName = "/levels/hirochi_raceway/art/shapes/rocks/eca_rock_big_wide.dae";
    position = "-250.9784698486328 -151.50979614257812 37.709625244140625";
    rotationMatrix = "0.27356335520744324 0.8613275289535522 -0.4281097650527954 -0.7896834015846252 0.45523515343666077 0.4112919867038727 0.5491477251052856 0.22555676102638245 0.8047116994857788";
    scale = "1.285259485244751 1.285259485244751 1.285259485244751";
    decalType = "Visible Mesh Final";
    collisionType = "Collision Mesh";
  };

  new TSStatic() {
    shapeName = "/levels/hirochi_raceway/art/shapes/rocks/eca_rock_big_wide.dae";
    position = "-245.4069366455078 -100.34161376953125 36.48231887817383";
    rotationMatrix = "-0.3236255347728729 -0.9438704252243042 0.06614471971988678 0.9124228954315186 -0.32982197403907776 -0.24228477478027344 0.250501424074173 -0.018057584762573242 0.9679478406906128";
    scale = "1.285259485244751 1.285259485244751 1.285259485244751";
    decalType = "Visible Mesh Final";
    collisionType = "Collision Mesh";
  };

  new TSStatic() {
    shapeName = "/levels/hirochi_raceway/art/shapes/rocks/eca_rock_big_wide.dae";
    position = "-252.01943969726562 -96.485107421875 39.038360595703125";
    rotationMatrix = "-0.1674843430519104 -0.9454026818275452 0.27957606315612793 0.8838699460029602 -0.2696109414100647 -0.3822091519832611 0.43671831488609314 0.1830948293209076 0.8807686567306519";
    scale = "1.285259485244751 1.285259485244751 1.285259485244751";
    decalType = "Visible Mesh Final";
    collisionType = "Collision Mesh";
  };

  new TSStatic() {
    shapeName = "/levels/hirochi_raceway/art/shapes/rocks/eca_rock_big_wide.dae";
    position = "-239.7470703125 -76.29501342773438 32.83254623413086";
    rotationMatrix = "-0.1086471900343895 -0.7652971148490906 0.6344415545463562 0.8270326852798462 -0.4236963093280792 -0.36945685744285583 0.551554799079895 0.4845634698867798 0.6789591312408447";
    scale = "1.285259485244751 1.285259485244751 1.285259485244751";
    decalType = "Visible Mesh Final";
    collisionType = "Collision Mesh";
  };

  new TSStatic() {
    shapeName = "/levels/hirochi_raceway/art/shapes/rocks/eca_rock_big_wide.dae";
    position = "-257.7798156738281 -69.76435089111328 38.07982635498047";
    rotationMatrix = "0.2521800398826599 0.9075583815574646 -0.3357723355293274 0.9416319131851196 -0.3101124167442322 -0.13099458813667297 -0.22301240265369415 -0.28313973546028137 -0.9327901005744934";
    scale = "1.285259485244751 1.285259485244751 1.285259485244751";
    decalType = "Visible Mesh Final";
    collisionType = "Collision Mesh";
  };

  new TSStatic() {
    shapeName = "/levels/hirochi_raceway/art/shapes/rocks/eca_rock_big_wide.dae";
    position = "-249.85992431640625 -73.2861099243164 35.92387390136719";
    rotationMatrix = "-0.256470263004303 -0.9121180176734924 0.319786936044693 -0.9261404871940613 0.3265753388404846 0.18871243298053741 -0.27656254172325134 -0.24776849150657654 -0.9285063147544861";
    scale = "1.285259485244751 1.285259485244751 1.285259485244751";
    decalType = "Visible Mesh Final";
    collisionType = "Collision Mesh";
  };

  new TSStatic() {
    shapeName = "/levels/hirochi_raceway/art/shapes/rocks/eca_rock_big_wide.dae";
    position = "-214.8308563232422 -85.68279266357422 31.51309585571289";
    rotationMatrix = "-0.27206850051879883 -0.9533582329750061 0.1307167410850525 -0.9622730016708374 0.26997801661491394 -0.03380141407251358 -0.0030657928436994553 -0.13498149812221527 -0.9908433556556702";
    scale = "1.285259485244751 1.285259485244751 1.285259485244751";
    decalType = "Visible Mesh Final";
    collisionType = "Collision Mesh";
  };

  new TSStatic() {
    shapeName = "/levels/hirochi_raceway/art/shapes/rocks/eca_rock_big_wide.dae";
    position = "-206.5996856689453 -87.62602233886719 32.13091278076172";
    rotationMatrix = "0.26611652970314026 0.9393100142478943 -0.2165149301290512 0.9546940326690674 -0.28786608576774597 -0.07544797658920288 -0.13319633901119232 -0.1866275519132614 -0.9733595848083496";
    scale = "1.285259485244751 1.285259485244751 1.285259485244751";
    decalType = "Visible Mesh Final";
    collisionType = "Collision Mesh";
  };

  new TSStatic() {
    shapeName = "/levels/hirochi_raceway/art/shapes/rocks/eca_rock_big_wide.dae";
    position = "-179.38079833984375 -110.34016418457031 33.50659942626953";
    rotationMatrix = "0.2814251780509949 0.959557294845581 -0.007047570776194334 0.9595198631286621 -0.28148338198661804 -0.009419242851436138 -0.011022076942026615 -0.004111472051590681 -0.9999307990074158";
    scale = "1.285259485244751 1.285259485244751 1.285259485244751";
    decalType = "Visible Mesh Final";
    collisionType = "Collision Mesh";
  };

  new TSStatic() {
    shapeName = "/levels/hirochi_raceway/art/shapes/rocks/eca_rock_big_wide.dae";
    position = "-179.73330688476562 -120.98661804199219 35.514915466308594";
    rotationMatrix = "0.3318411707878113 0.8581582307815552 -0.3917216360569 0.9090149998664856 -0.17990559339523315 0.37593308091163635 0.252137154340744 -0.48083093762397766 -0.8397788405418396";
    scale = "1.285259485244751 1.285259485244751 1.285259485244751";
    decalType = "Visible Mesh Final";
    collisionType = "Collision Mesh";
  };

  new TSStatic() {
    shapeName = "/levels/hirochi_raceway/art/shapes/rocks/eca_rock_big_wide.dae";
    position = "-171.60964965820312 -116.22663116455078 34.88627624511719";
    rotationMatrix = "-0.26254838705062866 -0.9392089247703552 0.22125758230686188 0.862787663936615 -0.12583281099796295 0.48965656757354736 -0.43204835057258606 0.3194568455219269 0.8433750867843628";
    scale = "1.285259485244751 1.285259485244751 1.285259485244751";
    decalType = "Visible Mesh Final";
    collisionType = "Collision Mesh";
  };

  new TSStatic() {
    shapeName = "/levels/hirochi_raceway/art/shapes/rocks/eca_rock_big_wide.dae";
    position = "-188.579345703125 -112.3584976196289 33.95458984375";
    rotationMatrix = "-0.21973176300525665 -0.9755560159683228 -0.0029058177024126053 -0.972223699092865 0.21873311698436737 0.08328834176063538 -0.08061684668064117 0.021126199513673782 -0.9965212345123291";
    scale = "1.285259485244751 1.285259485244751 1.285259485244751";
    decalType = "Visible Mesh Final";
    collisionType = "Collision Mesh";
  };

  new TSStatic() {
    shapeName = "/levels/hirochi_raceway/art/shapes/rocks/eca_rock_big_wide.dae";
    position = "-227.6740264892578 -103.05949401855469 32.73992156982422";
    rotationMatrix = "-0.21985740959644318 -0.9753829836845398 -0.017051521688699722 0.9735031723976135 -0.2204933613538742 0.06061595678329468 -0.06288351863622665 -0.003272843547165394 0.9980155229568481";
    scale = "1.285259485244751 1.285259485244751 1.285259485244751";
    decalType = "Visible Mesh Final";
    collisionType = "Collision Mesh";
  };

  new TSStatic() {
    shapeName = "/levels/hirochi_raceway/art/shapes/rocks/eca_rock_big_wide.dae";
    position = "-215.56893920898438 -107.2582015991211 33.972015380859375";
    rotationMatrix = "-0.06679164618253708 -0.9958515763282776 0.061794012784957886 -0.9926345944404602 0.07259411364793777 0.0969877690076828 -0.1010713055729866 -0.05486090108752251 -0.9933654069900513";
    scale = "1.285259485244751 1.285259485244751 1.285259485244751";
    decalType = "Visible Mesh Final";
    collisionType = "Collision Mesh";
  };

  new TSStatic() {
    shapeName = "/levels/hirochi_raceway/art/shapes/rocks/eca_rock_big_wide.dae";
    position = "-202.547607421875 -109.5904769897461 35.02503204345703";
    rotationMatrix = "0.21343600749969482 0.9715710878372192 0.10244372487068176 0.9767929911613464 -0.21414543688297272 -0.0041513340547680855 0.01790454052388668 0.10095235705375671 -0.9947301149368286";
    scale = "1.285259485244751 1.285259485244751 1.285259485244751";
    decalType = "Visible Mesh Final";
    collisionType = "Collision Mesh";
  };

  new TSStatic() {
    shapeName = "/levels/hirochi_raceway/art/shapes/rocks/eca_rock_big_wide.dae";
    position = "-186.5583953857422 -103.40745544433594 33.77904510498047";
    rotationMatrix = "-0.2112378627061844 -0.9773881435394287 0.009541453793644905 0.9757702350616455 -0.21143753826618195 -0.05627259984612465 0.05701759457588196 -0.002576636616140604 0.9983698725700378";
    scale = "1.285259485244751 1.285259485244751 1.285259485244751";
    decalType = "Visible Mesh Final";
    collisionType = "Collision Mesh";
  };

  new TSStatic() {
    shapeName = "/levels/hirochi_raceway/art/shapes/rocks/eca_rock_big_wide.dae";
    position = "-177.2509307861328 -99.49128723144531 33.63490295410156";
    rotationMatrix = "0.21071749925613403 0.9662423729896545 0.14823566377162933 0.9754781723022461 -0.2177003026008606 0.03238720819354057 0.06356484442949295 0.13777610659599304 -0.988421618938446";
    scale = "1.285259485244751 1.285259485244751 1.285259485244751";
    decalType = "Visible Mesh Final";
    collisionType = "Collision Mesh";
  };

  new TSStatic() {
    shapeName = "/levels/hirochi_raceway/art/shapes/rocks/eca_rock_big_wide.dae";
    position = "-198.50970458984375 -123.27678680419922 33.33800506591797";
    rotationMatrix = "0.2190815806388855 0.9756522178649902 -0.010295860469341278 0.9748328328132629 -0.21842674911022186 0.04461761191487312 0.041282378137111664 -0.019811639562249184 -0.9989510774612427";
    scale = "1.285259485244751 1.285259485244751 1.285259485244751";
    decalType = "Visible Mesh Final";
    collisionType = "Collision Mesh";
  };

  new TSStatic() {
    shapeName = "/levels/hirochi_raceway/art/shapes/rocks/eca_rock_big_wide.dae";
    position = "-232.40988159179688 -148.865966796875 35.1236686706543";
    rotationMatrix = "0.22207149863243103 0.9729712009429932 -0.06333513557910919 -0.972434937953949 0.21627618372440338 -0.08714886009693146 -0.07109545171260834 0.08094257861375809 0.994179904460907";
    scale = "1.285259485244751 1.285259485244751 1.285259485244751";
    decalType = "Visible Mesh Final";
    collisionType = "Collision Mesh";
  };

  new TSStatic() {
    shapeName = "/levels/hirochi_raceway/art/shapes/rocks/eca_rock_big_wide.dae";
    position = "-257.3805236816406 -148.12403869628906 39.854183197021484";
    rotationMatrix = "0.07609382271766663 0.9435461163520813 -0.32238253951072693 -0.9235177636146545 0.1885925680398941 0.33398762345314026 0.37593168020248413 0.27231162786483765 0.8857323527336121";
    scale = "1.285259485244751 1.285259485244751 1.285259485244751";
    decalType = "Visible Mesh Final";
    collisionType = "Collision Mesh";
  };

  new TSStatic() {
    shapeName = "/levels/hirochi_raceway/art/shapes/rocks/eca_rock_big_wide.dae";
    position = "-227.01490783691406 -158.18783569335938 35.594383239746094";
    rotationMatrix = "0.6706079244613647 0.7402867078781128 -0.047545794397592545 -0.7402284145355225 0.6719861626625061 0.022280970588326454 0.04844442382454872 0.020252954214811325 0.9986205101013184";
    scale = "1.285259485244751 1.285259485244751 1.285259485244751";
    decalType = "Visible Mesh Final";
    collisionType = "Collision Mesh";
  };

  new TSStatic() {
    shapeName = "/levels/hirochi_raceway/art/shapes/rocks/eca_rock_big_wide.dae";
    position = "-219.9827423095703 -163.6815185546875 35.458473205566406";
    rotationMatrix = "0.3804752230644226 0.923481285572052 -0.04920324683189392 -0.9246277213096619 0.3808692693710327 -0.0014690856914967299 0.017383331432938576 0.04605363681912422 0.9987877011299133";
    scale = "1.285259485244751 1.285259485244751 1.285259485244751";
    decalType = "Visible Mesh Final";
    collisionType = "Collision Mesh";
  };

  new TSStatic() {
    shapeName = "/levels/hirochi_raceway/art/shapes/rocks/eca_rock_big_wide.dae";
    position = "-176.80308532714844 -144.2593231201172 37.89897918701172";
    rotationMatrix = "0.9773121476173401 -0.11551821976900101 0.1775287389755249 -0.1572912484407425 -0.9571709632873535 0.2430703043937683 0.14184631407260895 -0.26547929644584656 -0.9536248445510864";
    scale = "1.285259485244751 1.285259485244751 1.285259485244751";
    decalType = "Visible Mesh Final";
    collisionType = "Collision Mesh";
  };

  new TSStatic() {
    shapeName = "/levels/hirochi_raceway/art/shapes/rocks/eca_rock_big_wide.dae";
    position = "-158.53407287597656 -152.63059997558594 35.81238555908203";
    rotationMatrix = "0.7882806658744812 -0.3929259777069092 -0.47352170944213867 -0.35866525769233704 -0.9187189936637878 0.16527153551578522 -0.4999728500843048 0.03955543041229248 -0.8651372790336609";
    scale = "1.285259485244751 1.285259485244751 1.285259485244751";
    decalType = "Visible Mesh Final";
    collisionType = "Collision Mesh";
  };

  new TSStatic() {
    shapeName = "/levels/hirochi_raceway/art/shapes/rocks/eca_rock_big_wide.dae";
    position = "-159.95648193359375 -158.75906372070312 37.79513168334961";
    rotationMatrix = "-0.8076730966567993 0.271915078163147 0.523188591003418 -0.0906195193529129 -0.9340182542800903 0.34554019570350647 0.5826252698898315 0.23167242109775543 0.779022216796875";
    scale = "1.285259485244751 1.285259485244751 1.285259485244751";
    decalType = "Visible Mesh Final";
    collisionType = "Collision Mesh";
  };

  new TSStatic() {
    shapeName = "/levels/hirochi_raceway/art/shapes/rocks/eca_rock_big_wide.dae";
    position = "-156.6712188720703 -147.04559326171875 35.14339828491211";
    rotationMatrix = "-0.7692141532897949 0.3300100266933441 0.5471773147583008 -0.26339274644851685 -0.9439347982406616 0.19902603328227997 0.5821802616119385 0.008971107192337513 0.8130102157592773";
    scale = "1.285259485244751 1.285259485244751 1.285259485244751";
    decalType = "Visible Mesh Final";
    collisionType = "Collision Mesh";
  };

  new TSStatic() {
    shapeName = "/levels/hirochi_raceway/art/shapes/rocks/eca_rock_big_wide.dae";
    position = "-153.82525634765625 -134.2709197998047 35.373592376708984";
    rotationMatrix = "0.9902253150939941 -0.0510791540145874 -0.12978750467300415 -0.07071050256490707 -0.9859294891357422 -0.15146973729133606 -0.12022437900304794 0.15916649997234344 -0.9799041152000427";
    scale = "1.285259485244751 1.285259485244751 1.285259485244751";
    decalType = "Visible Mesh Final";
    collisionType = "Collision Mesh";
  };

  new TSStatic() {
    shapeName = "/levels/hirochi_raceway/art/shapes/rocks/eca_rock_big_wide.dae";
    position = "-152.60684204101562 -127.26902770996094 36.33135986328125";
    rotationMatrix = "0.9572197794914246 -0.07289452105760574 -0.2800297141075134 0.10873258858919144 0.9874387383460999 0.11463823914527893 0.26815569400787354 -0.14018234610557556 0.9531219601631165";
    scale = "1.285259485244751 1.285259485244751 1.285259485244751";
    decalType = "Visible Mesh Final";
    collisionType = "Collision Mesh";
  };

  new TSStatic() {
    shapeName = "/levels/hirochi_raceway/art/shapes/rocks/eca_rock_big_wide.dae";
    position = "-170.4241943359375 -129.59556579589844 36.37189865112305";
    rotationMatrix = "0.9572265148162842 -0.21815091371536255 -0.1900724172592163 -0.21542738378047943 -0.9758875966072083 0.03513384610414505 -0.19315381348133087 0.0073157548904418945 -0.981141209602356";
    scale = "1.285259485244751 1.285259485244751 1.285259485244751";
    decalType = "Visible Mesh Final";
    collisionType = "Collision Mesh";
  };

  new TSStatic() {
    shapeName = "/levels/hirochi_raceway/art/shapes/rocks/eca_rock_big_wide.dae";
    position = "-171.44232177734375 -135.81300354003906 36.15526580810547";
    rotationMatrix = "0.9465766549110413 -0.1937970519065857 -0.257750540971756 -0.15238504111766815 -0.9732189178466797 0.17211541533470154 -0.2842031419277191 -0.12364311516284943 -0.9507580995559692";
    scale = "1.285259485244751 1.285259485244751 1.285259485244751";
    decalType = "Visible Mesh Final";
    collisionType = "Collision Mesh";
  };

  new TSStatic() {
    shapeName = "/levels/hirochi_raceway/art/shapes/rocks/eca_rock_big_wide.dae";
    position = "-188.74388122558594 -155.41970825195312 36.42359924316406";
    rotationMatrix = "0.613686203956604 -0.7142598628997803 0.33648502826690674 -0.607369065284729 -0.6993643045425415 -0.3768187165260315 0.5044720768928528 0.02687784656882286 -0.8630095720291138";
    scale = "1.285259485244751 1.285259485244751 1.285259485244751";
    decalType = "Visible Mesh Final";
    collisionType = "Collision Mesh";
  };

  new TSStatic() {
    shapeName = "/levels/hirochi_raceway/art/shapes/rocks/eca_rock_big_wide.dae";
    position = "-182.9181365966797 -161.92430114746094 37.25152587890625";
    rotationMatrix = "0.7393410205841064 -0.6685327291488647 0.08024252206087112 -0.6068892478942871 -0.7132555842399597 -0.35064494609832764 0.29165107011795044 0.21054786443710327 -0.9330644607543945";
    scale = "1.285259485244751 1.285259485244751 1.285259485244751";
    decalType = "Visible Mesh Final";
    collisionType = "Collision Mesh";
  };

  new TSStatic() {
    shapeName = "/levels/hirochi_raceway/art/shapes/rocks/eca_rock_big_wide.dae";
    position = "-178.19886779785156 -157.57025146484375 38.59340286254883";
    rotationMatrix = "0.6519509553909302 -0.7568829655647278 0.04569605737924576 0.7559740543365479 0.6534802913665771 0.0382983423769474 -0.05884883552789688 0.009576392360031605 0.9982209801673889";
    scale = "1.285259485244751 1.285259485244751 1.285259485244751";
    decalType = "Visible Mesh Final";
    collisionType = "Collision Mesh";
  };

  new TSStatic() {
    shapeName = "/levels/hirochi_raceway/art/shapes/rocks/eca_rock_big_wide.dae";
    position = "-165.1829071044922 -169.00405883789062 39.30303955078125";
    rotationMatrix = "0.6876308917999268 -0.6203475594520569 -0.377269983291626 0.7210272550582886 0.6445173025131226 0.25439566373825073 0.08534330874681473 -0.4469522535800934 0.8904775381088257";
    scale = "1.285259485244751 1.285259485244751 1.285259485244751";
    decalType = "Visible Mesh Final";
    collisionType = "Collision Mesh";
  };

  new TSStatic() {
    shapeName = "/levels/hirochi_raceway/art/shapes/rocks/eca_rock_big_wide.dae";
    position = "-233.52333068847656 -91.56607055664062 33.38358688354492";
    rotationMatrix = "-0.32325443625450134 -0.9337587952613831 0.15362627804279327 0.8988838791847229 -0.35373008251190186 -0.2586170434951782 0.2958281934261322 0.054493073374032974 0.9536855816841125";
    scale = "1.285259485244751 1.285259485244751 1.285259485244751";
    decalType = "Visible Mesh Final";
    collisionType = "Collision Mesh";
  };

  new TSStatic() {
    shapeName = "/levels/hirochi_raceway/art/shapes/rocks/eca_rock_big_wide.dae";
    position = "-163.5172882080078 -109.95125579833984 36.281497955322266";
    rotationMatrix = "0.9758771061897278 -0.028820635750889778 0.2164098173379898 0.06494516134262085 0.9846964478492737 -0.16172517836093903 -0.2084369659423828 0.17187868058681488 0.9628145098686218";
    scale = "1.285259485244751 1.285259485244751 1.285259485244751";
    decalType = "Visible Mesh Final";
    collisionType = "Collision Mesh";
  };

  new TSStatic() {
    shapeName = "/levels/hirochi_raceway/art/shapes/rocks/eca_rock_big_wide.dae";
    position = "-226.5413055419922 -124.7470703125 33.62070846557617";
    rotationMatrix = "0.9479460120201111 0.29948532581329346 0.10819845646619797 -0.2886713743209839 0.9516528248786926 -0.10500333458185196 -0.13441433012485504 0.06830369681119919 0.9885683655738831";
    scale = "1.285259485244751 1.285259485244751 1.285259485244751";
    decalType = "Visible Mesh Final";
    collisionType = "Collision Mesh";
  };

  new TSStatic() {
    shapeName = "/levels/hirochi_raceway/art/shapes/rocks/eca_rock_big_wide.dae";
    position = "-232.2362823486328 -114.10408782958984 32.121341705322266";
    rotationMatrix = "-0.6671100854873657 -0.7391862869262695 -0.0925619825720787 -0.719691812992096 0.6715749502182007 -0.17615565657615662 0.19237415492534637 -0.050899114459753036 -0.9800007343292236";
    scale = "1.285259485244751 1.285259485244751 1.285259485244751";
    decalType = "Visible Mesh Final";
    collisionType = "Collision Mesh";
  };

  new TSStatic() {
    shapeName = "/levels/hirochi_raceway/art/shapes/rocks/eca_rock_big_wide.dae";
    position = "-238.12095642089844 -108.55366516113281 31.843135833740234";
    rotationMatrix = "0.2738426625728607 0.9600008130073547 0.058383285999298096 0.9617105722427368 -0.27401936054229736 -0.005114289931952953 0.011088427156209946 0.05754833295941353 -0.9982811212539673";
    scale = "1.0577800273895264 1.277662754058838 1.0577832460403442";
    decalType = "Visible Mesh Final";
    collisionType = "Collision Mesh";
  };

  new TSStatic() {
    shapeName = "/levels/hirochi_raceway/art/shapes/rocks/eca_rock_big_wide.dae";
    position = "-179.9300994873047 -170.79653930664062 34.367027282714844";
    rotationMatrix = "0.5713105201721191 -0.8207322955131531 -0.0016755424439907074 0.8043015003204346 0.5594642162322998 0.20024707913398743 -0.16341184079647064 -0.11575090140104294 0.979744017124176";
    scale = "1.285259485244751 1.285259485244751 1.285259485244751";
    decalType = "Visible Mesh Final";
    collisionType = "Collision Mesh";
  };

  new TSStatic() {
    shapeName = "/levels/hirochi_raceway/art/shapes/rocks/eca_rock_big_wide.dae";
    position = "-243.55526733398438 -95.69471740722656 35.481544494628906";
    rotationMatrix = "0.34825947880744934 0.9346283674240112 -0.07200818508863449 -0.8749794363975525 0.35167163610458374 0.33277323842048645 0.33634254336357117 -0.0528857484459877 0.9402535557746887";
    scale = "1.285259485244751 1.285259485244751 1.285259485244751";
    decalType = "Visible Mesh Final";
    collisionType = "Collision Mesh";
  };

  new TSStatic() {
    shapeName = "/levels/hirochi_raceway/art/shapes/rocks/eca_rock_big_wide.dae";
    position = "-251.2233428955078 -92.22647094726562 38.57736587524414";
    rotationMatrix = "0.24056251347064972 0.960978090763092 -0.13656775653362274 -0.8516889214515686 0.27647078037261963 0.44518521428108215 0.46557024121284485 0.009218377992510796 0.8849629163742065";
    scale = "1.285259485244751 1.285259485244751 1.285259485244751";
    decalType = "Visible Mesh Final";
    collisionType = "Collision Mesh";
  };

  new TSStatic() {
    shapeName = "/levels/hirochi_raceway/art/shapes/rocks/eca_rock_big_wide.dae";
    position = "-258.64971923828125 -90.1833267211914 41.02600860595703";
    rotationMatrix = "0.1979203224182129 0.9723050594329834 -0.12429969757795334 -0.9428087472915649 0.22352829575538635 0.2472788244485855 0.2682149410247803 0.06824933737516403 0.9609384536743164";
    scale = "1.285259485244751 1.285259485244751 1.285259485244751";
    decalType = "Visible Mesh Final";
    collisionType = "Collision Mesh";
  };

  new TSStatic() {
    shapeName = "/levels/hirochi_raceway/art/shapes/rocks/eca_rock_big_wide.dae";
    position = "-269.7315673828125 -101.96602630615234 42.876380920410156";
    rotationMatrix = "0.9901911616325378 -0.13320428133010864 0.042166925966739655 0.13057160377502441 0.9896205067634583 0.0600196048617363 -0.04972412437200546 -0.053925082087516785 0.9973061680793762";
    scale = "1.285259485244751 1.285259485244751 1.285259485244751";
    decalType = "Visible Mesh Final";
    collisionType = "Collision Mesh";
  };

  new TSStatic() {
    shapeName = "/levels/hirochi_raceway/art/shapes/rocks/eca_rock_big_wide.dae";
    position = "-280.8575134277344 -114.3787612915039 42.1534309387207";
    rotationMatrix = "-0.9994004368782043 0.03457104414701462 0.0018949954537674785 0.034490782767534256 0.9988709092140198 -0.032668765634298325 -0.003022249322384596 -0.0325838178396225 -0.9994644522666931";
    scale = "1.285259485244751 1.285259485244751 1.285259485244751";
    decalType = "Visible Mesh Final";
    collisionType = "Collision Mesh";
  };

  new TSStatic() {
    shapeName = "/levels/hirochi_raceway/art/shapes/rocks/eca_rock_big_wide.dae";
    position = "-284.20123291015625 -123.72355651855469 42.99406814575195";
    rotationMatrix = "-0.9758839011192322 -0.017882920801639557 0.21755634248256683 0.0009928848594427109 -0.9969919919967651 -0.07749803364276886 0.21828782558441162 -0.07541307806968689 0.9729662537574768";
    scale = "1.285259485244751 1.285259485244751 1.285259485244751";
    decalType = "Visible Mesh Final";
    collisionType = "Collision Mesh";
  };

  new TSStatic() {
    shapeName = "/levels/hirochi_raceway/art/shapes/rocks/eca_rock_big_wide.dae";
    position = "-280.63726806640625 -123.66573333740234 42.52388381958008";
    rotationMatrix = "-0.9692347049713135 0.024601267650723457 -0.24490585923194885 0.051423024386167526 0.9932748079299927 -0.10373439639806747 0.24070681631565094 -0.11313677579164505 -0.9639815092086792";
    scale = "1.285259485244751 1.285259485244751 1.285259485244751";
    decalType = "Visible Mesh Final";
    collisionType = "Collision Mesh";
  };

  new TSStatic() {
    shapeName = "/levels/hirochi_raceway/art/shapes/rocks/eca_rock_big_wide.dae";
    position = "-277.58380126953125 -149.87710571289062 44.45623016357422";
    rotationMatrix = "-0.8638994693756104 -0.47511789202690125 -0.16715481877326965 -0.4638282358646393 0.879840075969696 -0.10365717113018036 0.19631889462471008 -0.012018246576189995 -0.9804664254188538";
    scale = "1.285259485244751 1.285259485244751 1.285259485244751";
    decalType = "Visible Mesh Final";
    collisionType = "Collision Mesh";
  };

  new TSStatic() {
    shapeName = "/levels/hirochi_raceway/art/shapes/rocks/eca_rock_big_wide.dae";
    position = "-283.2417297363281 -145.0459747314453 44.310569763183594";
    rotationMatrix = "-0.924136757850647 -0.3489554524421692 0.15556764602661133 0.36705660820007324 -0.9239010214805603 0.10805719345808029 0.1060219556093216 0.15696175396442413 0.9818972945213318";
    scale = "1.285259485244751 1.285259485244751 1.285259485244751";
    decalType = "Visible Mesh Final";
    collisionType = "Collision Mesh";
  };

  new TSStatic() {
    shapeName = "/levels/hirochi_raceway/art/shapes/rocks/eca_rock_big_wide.dae";
    position = "-261.6471862792969 -80.4788589477539 39.346824645996094";
    rotationMatrix = "-0.2785104215145111 -0.9273006319999695 0.25009095668792725 0.9502639770507812 -0.30384761095046997 -0.06837373226881027 0.13939255475997925 0.21860964596271515 0.9658051133155823";
    scale = "1.285259485244751 1.285259485244751 1.285259485244751";
    decalType = "Visible Mesh Final";
    collisionType = "Collision Mesh";
  };

  new TSStatic() {
    shapeName = "/levels/hirochi_raceway/art/shapes/rocks/eca_rock_big_wide.dae";
    position = "-240.21145629882812 -89.15973663330078 34.261234283447266";
    rotationMatrix = "-0.3688082993030548 -0.9293619990348816 0.016329731792211533 0.926742434501648 -0.36630165576934814 0.08349554240703583 -0.07161597907543182 0.04592730477452278 0.9963743686676025";
    scale = "1.285259485244751 1.285259485244751 1.285259485244751";
    decalType = "Visible Mesh Final";
    collisionType = "Collision Mesh";
  };

  new TSStatic() {
    shapeName = "/levels/hirochi_raceway/art/shapes/rocks/eca_rock_big_wide.dae";
    position = "-162.80746459960938 -118.73336029052734 36.15488815307617";
    rotationMatrix = "-0.9958548545837402 0.074562668800354 0.05209163576364517 -0.06723763793706894 -0.9891700744628906 0.13046692311763763 0.061255451291799545 0.12642359733581543 0.9900832772254944";
    scale = "1.285259485244751 1.285259485244751 1.285259485244751";
    decalType = "Visible Mesh Final";
    collisionType = "Collision Mesh";
  };

  new TSStatic() {
    shapeName = "/levels/hirochi_raceway/art/shapes/rocks/eca_rock_big_wide.dae";
    position = "-259.9851379394531 -111.7464828491211 41.56300354003906";
    rotationMatrix = "0.449328750371933 0.8933655619621277 0.0012846863828599453 0.8230752348899841 -0.41341543197631836 -0.38940316438674927 -0.34734827280044556 0.17602743208408356 -0.9210665225982666";
    scale = "1.285259485244751 1.285259485244751 1.285259485244751";
    decalType = "Visible Mesh Final";
    collisionType = "Collision Mesh";
  };

  new TSStatic() {
    shapeName = "/levels/hirochi_raceway/art/shapes/rocks/eca_rock_big_wide.dae";
    position = "-262.39886474609375 -117.31204986572266 41.23958206176758";
    rotationMatrix = "0.438163697719574 0.8960245251655579 -0.07178153842687607 -0.8254047632217407 0.4326801002025604 0.36262229084968567 0.3559769093990326 -0.09963910281658173 0.929167628288269";
    scale = "1.285259485244751 1.285259485244751 1.285259485244751";
    decalType = "Visible Mesh Final";
    collisionType = "Collision Mesh";
  };

  new TSStatic() {
    shapeName = "/levels/hirochi_raceway/art/shapes/rocks/eca_rock_big_wide.dae";
    position = "-267.1002502441406 -123.27540588378906 41.52054214477539";
    rotationMatrix = "-0.4314221739768982 -0.8967483043670654 0.09857697039842606 -0.8436004519462585 0.4397304058074951 0.3081808090209961 -0.3197079002857208 0.049796462059020996 -0.9462067484855652";
    scale = "1.285259485244751 1.285259485244751 1.285259485244751";
    decalType = "Visible Mesh Final";
    collisionType = "Collision Mesh";
  };

  new TSStatic() {
    shapeName = "/levels/hirochi_raceway/art/shapes/rocks/eca_rock_big_wide.dae";
    position = "-260.5348205566406 -140.18310546875 39.60205078125";
    rotationMatrix = "-0.437475323677063 -0.7973774671554565 0.4156975746154785 0.7508860230445862 -0.5782768726348877 -0.3190079629421234 0.4947580397129059 0.17258338630199432 0.851721465587616";
    scale = "1.285259485244751 1.285259485244751 1.285259485244751";
    decalType = "Visible Mesh Final";
    collisionType = "Collision Mesh";
  };

  new TSStatic() {
    shapeName = "/levels/hirochi_raceway/art/shapes/rocks/eca_rock_big_wide.dae";
    position = "-257.7203063964844 -134.81680297851562 37.86493682861328";
    rotationMatrix = "0.4525737166404724 0.8533669114112854 -0.2587314546108246 -0.7823444604873657 0.519213080406189 0.34402740001678467 0.42791837453842163 0.04671936109662056 0.90260910987854";
    scale = "1.285259485244751 1.285259485244751 1.285259485244751";
    decalType = "Visible Mesh Final";
    collisionType = "Collision Mesh";
  };

  new TSStatic() {
    shapeName = "/levels/hirochi_raceway/art/shapes/rocks/eca_rock_big_wide.dae";
    position = "-254.82467651367188 -129.06246948242188 37.15072250366211";
    rotationMatrix = "-0.4579736590385437 -0.8808014988899231 0.12020332366228104 -0.807033121585846 0.46864616870880127 0.35926079750061035 -0.3727702796459198 0.06752391904592514 -0.9254635572433472";
    scale = "1.285259485244751 1.285259485244751 1.285259485244751";
    decalType = "Visible Mesh Final";
    collisionType = "Collision Mesh";
  };

  new TSStatic() {
    shapeName = "/levels/hirochi_raceway/art/shapes/rocks/eca_rock_big_wide.dae";
    position = "-252.58375549316406 -123.18590545654297 36.35136032104492";
    rotationMatrix = "-0.4597634971141815 -0.8625409007072449 0.2112835794687271 0.7917992472648621 -0.5058896541595459 -0.3422420620918274 0.40208396315574646 0.009943769313395023 0.9155488014221191";
    scale = "1.285259485244751 1.285259485244751 1.285259485244751";
    decalType = "Visible Mesh Final";
    collisionType = "Collision Mesh";
  };

  new TSStatic() {
    shapeName = "/levels/hirochi_raceway/art/shapes/rocks/eca_rock_big_wide.dae";
    position = "-250.2949981689453 -115.59913635253906 35.41394805908203";
    rotationMatrix = "-0.43690237402915955 -0.8911526799201965 -0.12232432514429092 -0.8379700779914856 0.3537959158420563 0.4154931604862213 -0.326990008354187 0.2840340733528137 -0.9013335704803467";
    scale = "1.285259485244751 1.285259485244751 1.285259485244751";
    decalType = "Visible Mesh Final";
    collisionType = "Collision Mesh";
  };

  new TSStatic() {
