//--- OBJECT WRITE BEGIN ---
$ThisPrefab = new SimGroup() {
   order_simset = "0";
   canSave = "1";
   canSaveDynamicFields = "1";
      groupPosition = "0 0 0";

   new TSStatic() {
      shapeName = "levels/hirochi_raceway/art/shapes/objects/gazebo_striped_red.dae";
      dynamic = "0";
      playAmbient = "1";
      meshCulling = "0";
      originSort = "0";
      useInstanceRenderData = "0";
      instanceColor = "White";
      instanceColor1 = "White";
      instanceColor2 = "White";
      collisionType = "Collision Mesh";
      decalType = "Collision Mesh";
      prebuildCollisionData = "0";
      renderNormals = "0";
      forceDetail = "-1";
      position = "-57.4495888 -149.671127 31.4698505";
      scale = "1 1 1";
      rotationMatrix = "0.412688911 -0.910808682 0.0107431021 0.910866916 0.412618339 -0.00821905397 0.00305318483 0.0131774489 0.999908507";
      isRenderEnabled = "false";
      mode = "Ignore";
      order_simset = "0";
      canSave = "1";
      canSaveDynamicFields = "1";
   };
   new TSStatic() {
      shapeName = "levels/hirochi_raceway/art/shapes/objects/gazebo_striped_red.dae";
      dynamic = "0";
      playAmbient = "1";
      meshCulling = "0";
      originSort = "0";
      useInstanceRenderData = "0";
      instanceColor = "White";
      instanceColor1 = "White";
      instanceColor2 = "White";
      collisionType = "Collision Mesh";
      decalType = "Collision Mesh";
      prebuildCollisionData = "0";
      renderNormals = "0";
      forceDetail = "-1";
      position = "230.431885 -514.58905 48.7640724";
      scale = "0.5 0.50000006 0.5";
      rotationMatrix = "0.94546473 -0.323398292 0.0388586484 0.3237786 0.946125448 -0.00375424465 -0.0355510376 0.0161311049 0.999237657";
      isRenderEnabled = "false";
      mode = "Ignore";
      order_simset = "1919904879";
      canSave = "1";
      canSaveDynamicFields = "1";
   };
   new TSStatic() {
      shapeName = "levels/hirochi_raceway/art/shapes/objects/gazebo_striped_red.dae";
      dynamic = "0";
      playAmbient = "1";
      meshCulling = "0";
      originSort = "0";
      useInstanceRenderData = "0";
      instanceColor = "White";
      instanceColor1 = "White";
      instanceColor2 = "White";
      collisionType = "Collision Mesh";
      decalType = "Collision Mesh";
      prebuildCollisionData = "0";
      renderNormals = "0";
      forceDetail = "-1";
      position = "-393.887848 363.453766 28.0647278";
      scale = "0.5 0.5 0.5";
      rotationMatrix = "0.543929577 -0.839125812 0.00292165671 0.839119673 0.543936968 0.00327104516 -0.00433401577 0.000672401569 0.999990404";
      isRenderEnabled = "false";
      mode = "Ignore";
      order_simset = "1072499126";
      canSave = "1";
      canSaveDynamicFields = "1";
   };
   new TSStatic() {
      shapeName = "levels/hirochi_raceway/art/shapes/objects/gazebo_striped_red.dae";
      dynamic = "0";
      playAmbient = "1";
      meshCulling = "0";
      originSort = "0";
      useInstanceRenderData = "0";
      instanceColor = "White";
      instanceColor1 = "White";
      instanceColor2 = "White";
      collisionType = "Collision Mesh";
      decalType = "Collision Mesh";
      prebuildCollisionData = "0";
      renderNormals = "0";
      forceDetail = "-1";
      position = "24.0954227 -10.9916563 29.3110294";
      scale = "1 1 1";
      rotationMatrix = "0.275872886 0.961134076 0.0107431067 -0.961132705 0.27596435 -0.00821904931 -0.010864323 -0.00805813912 0.999908507";
      isRenderEnabled = "false";
      mode = "Ignore";
      order_simset = "0";
      canSave = "1";
      canSaveDynamicFields = "1";
   };
   new TSStatic() {
      shapeName = "levels/hirochi_raceway/art/shapes/objects/gazebo_striped_red.dae";
      dynamic = "0";
      playAmbient = "1";
      meshCulling = "0";
      originSort = "0";
      useInstanceRenderData = "0";
      instanceColor = "White";
      instanceColor1 = "White";
      instanceColor2 = "White";
      collisionType = "Collision Mesh";
      decalType = "Collision Mesh";
      prebuildCollisionData = "0";
      renderNormals = "0";
      forceDetail = "-1";
      position = "170.868652 -152.522217 27.974865";
      scale = "0.5 0.50000006 0.5";
      rotationMatrix = "0.726127207 -0.686461389 0.0388586484 0.687081516 0.726570666 -0.00375424279 -0.0256564114 0.0294251163 0.999237657";
      isRenderEnabled = "false";
      mode = "Ignore";
      order_simset = "745829744";
      canSave = "1";
      canSaveDynamicFields = "1";
   };
   new TSStatic() {
      shapeName = "levels/hirochi_raceway/art/shapes/objects/gazebo_striped_red.dae";
      dynamic = "0";
      playAmbient = "1";
      meshCulling = "0";
      originSort = "0";
      useInstanceRenderData = "0";
      instanceColor = "White";
      instanceColor1 = "White";
      instanceColor2 = "White";
      collisionType = "Collision Mesh";
      decalType = "Collision Mesh";
      prebuildCollisionData = "0";
      renderNormals = "0";
      forceDetail = "-1";
      position = "-532.682129 480.123779 34.9924927";
      scale = "1 1 1";
      rotationMatrix = "0.500529408 0.864477456 0.0463577323 -0.864908874 0.497026473 0.0699808449 0.0374558419 -0.0751226842 0.996470571";
      isRenderEnabled = "false";
      mode = "Ignore";
      order_simset = "0";
      canSave = "1";
      canSaveDynamicFields = "1";
   };
   new TSStatic() {
      shapeName = "levels/hirochi_raceway/art/shapes/objects/gazebo_striped_red.dae";
      dynamic = "0";
      playAmbient = "1";
      meshCulling = "0";
      originSort = "0";
      useInstanceRenderData = "0";
      instanceColor = "White";
      instanceColor1 = "White";
      instanceColor2 = "White";
      collisionType = "Collision Mesh";
      decalType = "Collision Mesh";
      prebuildCollisionData = "0";
      renderNormals = "0";
      forceDetail = "-1";
      position = "-462.523529 517.611938 39.4972343";
      scale = "0.5 0.5 0.5";
      rotationMatrix = "0.996789515 -0.0800134689 0.00292165694 0.0800038576 0.996789157 0.00327104516 -0.00317400368 -0.00302679976 0.999990404";
      isRenderEnabled = "false";
      mode = "Ignore";
      order_simset = "0";
      canSave = "1";
      canSaveDynamicFields = "1";
   };
};
//--- OBJECT WRITE END ---



