//--- OBJECT WRITE BEGIN ---
$ThisPrefab = new SimGroup() {
   order_simset = "0";
   canSave = "1";
   canSaveDynamicFields = "1";
      groupPosition = "0 0 0";

   new TSStatic() {
      shapeName = "levels/hirochi_raceway/art/shapes/objects/gazebo_white.dae";
      dynamic = "0";
      playAmbient = "1";
      meshCulling = "0";
      originSort = "0";
      useInstanceRenderData = "0";
      instanceColor = "White";
      instanceColor1 = "White";
      instanceColor2 = "White";
      collisionType = "Collision Mesh";
      decalType = "Collision Mesh";
      prebuildCollisionData = "0";
      renderNormals = "0";
      forceDetail = "-1";
      position = "-504.963531 510.638885 38.5910568";
      scale = "1 1 1";
      rotationMatrix = "0.926529169 0.374210805 0.0388586372 -0.374355644 0.927277625 -0.00375423208 -0.0374376178 -0.0110685444 0.999237657";
      isRenderEnabled = "false";
      mode = "Ignore";
      order_simset = "0";
      canSave = "1";
      canSaveDynamicFields = "1";
   };
   new TSStatic() {
      shapeName = "levels/hirochi_raceway/art/shapes/objects/gazebo_white.dae";
      dynamic = "0";
      playAmbient = "1";
      meshCulling = "0";
      originSort = "0";
      useInstanceRenderData = "0";
      instanceColor = "White";
      instanceColor1 = "White";
      instanceColor2 = "White";
      collisionType = "Collision Mesh";
      decalType = "Collision Mesh";
      prebuildCollisionData = "0";
      renderNormals = "0";
      forceDetail = "-1";
      position = "-498.619293 514.035156 38.8273506";
      scale = "0.5 0.50000006 0.5";
      rotationMatrix = "0.951972604 0.303707421 0.0388586372 -0.303795755 0.952729762 -0.00375423441 -0.0381619707 -0.00823116023 0.999237657";
      isRenderEnabled = "false";
      mode = "Ignore";
      order_simset = "0";
      canSave = "1";
      canSaveDynamicFields = "1";
   };
   new TSStatic() {
      shapeName = "levels/hirochi_raceway/art/shapes/objects/gazebo_white.dae";
      dynamic = "0";
      playAmbient = "1";
      meshCulling = "0";
      originSort = "0";
      useInstanceRenderData = "0";
      instanceColor = "White";
      instanceColor1 = "White";
      instanceColor2 = "White";
      collisionType = "Collision Mesh";
      decalType = "Collision Mesh";
      prebuildCollisionData = "0";
      renderNormals = "0";
      forceDetail = "-1";
      position = "-466.517517 517.842102 39.4665489";
      scale = "0.5 0.50000006 0.5";
      rotationMatrix = "0.998802841 -0.0297138412 0.0388586372 0.0298820194 0.999546409 -0.00375423674 -0.038729459 0.00491091702 0.999237657";
      isRenderEnabled = "false";
      mode = "Ignore";
      order_simset = "0";
      canSave = "1";
      canSaveDynamicFields = "1";
   };
   new TSStatic() {
      shapeName = "levels/hirochi_raceway/art/shapes/objects/gazebo_white.dae";
      dynamic = "0";
      playAmbient = "1";
      meshCulling = "0";
      originSort = "0";
      useInstanceRenderData = "0";
      instanceColor = "White";
      instanceColor1 = "White";
      instanceColor2 = "White";
      collisionType = "Collision Mesh";
      decalType = "Collision Mesh";
      prebuildCollisionData = "0";
      renderNormals = "0";
      forceDetail = "-1";
      position = "-443.324554 513.257874 39.3787727";
      scale = "0.5 0.50000006 0.5";
      rotationMatrix = "0.934545279 -0.353716254 0.0388586372 0.354117632 0.93519336 -0.00375423674 -0.0350124054 0.0172690339 0.999237657";
      isRenderEnabled = "false";
      mode = "Ignore";
      order_simset = "0";
      canSave = "1";
      canSaveDynamicFields = "1";
   };
   new TSStatic() {
      shapeName = "levels/hirochi_raceway/art/shapes/objects/gazebo_white.dae";
      dynamic = "0";
      playAmbient = "1";
      meshCulling = "0";
      originSort = "0";
      useInstanceRenderData = "0";
      instanceColor = "White";
      instanceColor1 = "White";
      instanceColor2 = "White";
      collisionType = "Collision Mesh";
      decalType = "Collision Mesh";
      prebuildCollisionData = "0";
      renderNormals = "0";
      forceDetail = "-1";
      position = "-134.318893 283.006317 33.271225";
      scale = "0.5 0.50000006 0.5";
      rotationMatrix = "0.945275009 -0.323952407 0.0388586335 0.324333072 0.945935488 -0.00375423813 -0.035541568 0.0161519274 0.999237657";
      isRenderEnabled = "false";
      mode = "Ignore";
      order_simset = "-2147451648";
      canSave = "1";
      canSaveDynamicFields = "1";
   };
   new TSStatic() {
      shapeName = "levels/hirochi_raceway/art/shapes/objects/gazebo_white.dae";
      dynamic = "0";
      playAmbient = "1";
      meshCulling = "0";
      originSort = "0";
      useInstanceRenderData = "0";
      instanceColor = "White";
      instanceColor1 = "White";
      instanceColor2 = "White";
      collisionType = "Collision Mesh";
      decalType = "Collision Mesh";
      prebuildCollisionData = "0";
      renderNormals = "0";
      forceDetail = "-1";
      position = "-127.374039 304.365143 33.2080879";
      scale = "0.5 0.50000006 0.5";
      rotationMatrix = "0.945275009 -0.323952407 0.0388586335 0.324333072 0.945935488 -0.00375423953 -0.0355415642 0.0161519293 0.999237657";
      isRenderEnabled = "false";
      mode = "Ignore";
      order_simset = "0";
      canSave = "1";
      canSaveDynamicFields = "1";
   };
   new TSStatic() {
      shapeName = "levels/hirochi_raceway/art/shapes/objects/gazebo_white.dae";
      dynamic = "0";
      playAmbient = "1";
      meshCulling = "0";
      originSort = "0";
      useInstanceRenderData = "0";
      instanceColor = "White";
      instanceColor1 = "White";
      instanceColor2 = "White";
      collisionType = "Collision Mesh";
      decalType = "Collision Mesh";
      prebuildCollisionData = "0";
      renderNormals = "0";
      forceDetail = "-1";
      position = "388.478363 47.3758545 32.2982407";
      scale = "0.5 0.50000006 0.5";
      rotationMatrix = "0.729953289 -0.682391524 0.0388586372 0.683009148 0.730400145 -0.00375424372 -0.0258204918 0.0292812269 0.999237657";
      isRenderEnabled = "false";
      mode = "Ignore";
      order_simset = "0";
      canSave = "1";
      canSaveDynamicFields = "1";
   };
   new TSStatic() {
      shapeName = "levels/hirochi_raceway/art/shapes/objects/gazebo_white.dae";
      dynamic = "0";
      playAmbient = "1";
      meshCulling = "0";
      originSort = "0";
      useInstanceRenderData = "0";
      instanceColor = "White";
      instanceColor1 = "White";
      instanceColor2 = "White";
      collisionType = "Collision Mesh";
      decalType = "Collision Mesh";
      prebuildCollisionData = "0";
      renderNormals = "0";
      forceDetail = "-1";
      position = "397.555511 35.6090813 32.3031006";
      scale = "0.5 0.50000006 0.5";
      rotationMatrix = "0.680970192 -0.731279433 0.0388586372 0.731926501 0.681373239 -0.00375424372 -0.0237318352 0.0309981946 0.999237657";
      isRenderEnabled = "false";
      mode = "Ignore";
      order_simset = "0";
      canSave = "1";
      canSaveDynamicFields = "1";
   };
   new TSStatic() {
      shapeName = "levels/hirochi_raceway/art/shapes/objects/gazebo_white.dae";
      dynamic = "0";
      playAmbient = "1";
      meshCulling = "0";
      originSort = "0";
      useInstanceRenderData = "0";
      instanceColor = "White";
      instanceColor1 = "White";
      instanceColor2 = "White";
      collisionType = "Collision Mesh";
      decalType = "Collision Mesh";
      prebuildCollisionData = "0";
      renderNormals = "0";
      forceDetail = "-1";
      position = "277.83313 -288.085236 48.2432823";
      scale = "0.5 0.50000006 0.5";
      rotationMatrix = "0.54144752 -0.839836061 0.0388586186 0.840544045 0.541730225 -0.00375424605 -0.0178979374 0.0346951075 0.999237657";
      isRenderEnabled = "false";
      mode = "Ignore";
      order_simset = "0";
      canSave = "1";
      canSaveDynamicFields = "1";
   };
   new TSStatic() {
      shapeName = "levels/hirochi_raceway/art/shapes/objects/gazebo_white.dae";
      dynamic = "0";
      playAmbient = "1";
      meshCulling = "0";
      originSort = "0";
      useInstanceRenderData = "0";
      instanceColor = "White";
      instanceColor1 = "White";
      instanceColor2 = "White";
      collisionType = "Collision Mesh";
      decalType = "Collision Mesh";
      prebuildCollisionData = "0";
      renderNormals = "0";
      forceDetail = "-1";
      position = "-550.488708 454.242279 33.6397324";
      scale = "0.5 0.50000006 0.5";
      rotationMatrix = "0.984808981 -0.169237494 0.0388586037 0.1695081 0.985521615 -0.00375424884 -0.037660636 0.0102840662 0.999237657";
      isRenderEnabled = "false";
      mode = "Ignore";
      order_simset = "0";
      canSave = "1";
      canSaveDynamicFields = "1";
   };
   new TSStatic() {
      shapeName = "levels/hirochi_raceway/art/shapes/objects/gazebo_white.dae";
      dynamic = "0";
      playAmbient = "1";
      meshCulling = "0";
      originSort = "0";
      useInstanceRenderData = "0";
      instanceColor = "White";
      instanceColor1 = "White";
      instanceColor2 = "White";
      collisionType = "Collision Mesh";
      decalType = "Collision Mesh";
      prebuildCollisionData = "0";
      renderNormals = "0";
      forceDetail = "-1";
      position = "204.712982 -186.238205 28.1428165";
      scale = "0.5 0.50000006 0.5";
      rotationMatrix = "0.944819748 -0.325277865 0.0388586447 0.325659454 0.945479691 -0.00375424279 -0.0355188884 0.0162017681 0.999237657";
      isRenderEnabled = "false";
      mode = "Ignore";
      order_simset = "-2147318528";
      canSave = "1";
      canSaveDynamicFields = "1";
   };
   new TSStatic() {
      shapeName = "levels/hirochi_raceway/art/shapes/objects/gazebo_white.dae";
      dynamic = "0";
      playAmbient = "1";
      meshCulling = "0";
      originSort = "0";
      useInstanceRenderData = "0";
      instanceColor = "White";
      instanceColor1 = "White";
      instanceColor2 = "White";
      collisionType = "Collision Mesh";
      decalType = "Collision Mesh";
      prebuildCollisionData = "0";
      renderNormals = "0";
      forceDetail = "-1";
      position = "-317.567169 443.115204 33.9944763";
      scale = "0.75 0.75 0.75";
      rotationMatrix = "0.987860382 -0.154540181 0.0157874804 0.154388472 0.987955272 0.0104217716 -0.0172079057 -0.00785784982 0.999821067";
      isRenderEnabled = "false";
      mode = "Ignore";
      order_simset = "707406378";
      canSave = "1";
      canSaveDynamicFields = "1";
   };
   new TSStatic() {
      shapeName = "levels/hirochi_raceway/art/shapes/objects/gazebo_white.dae";
      dynamic = "0";
      playAmbient = "1";
      meshCulling = "0";
      originSort = "0";
      useInstanceRenderData = "0";
      instanceColor = "White";
      instanceColor1 = "White";
      instanceColor2 = "White";
      collisionType = "Collision Mesh";
      decalType = "Collision Mesh";
      prebuildCollisionData = "0";
      renderNormals = "0";
      forceDetail = "-1";
      position = "-375.038696 244.605118 27.7952633";
      scale = "0.75 0.75 0.75";
      rotationMatrix = "0.421316385 -0.906776309 0.0157874804 0.906770706 0.421495259 0.0104217771 -0.0161045678 0.00992475916 0.999821067";
      isRenderEnabled = "false";
      mode = "Ignore";
      order_simset = "0";
      canSave = "1";
      canSaveDynamicFields = "1";
   };
   new TSStatic() {
      shapeName = "levels/hirochi_raceway/art/shapes/objects/gazebo_white.dae";
      dynamic = "0";
      playAmbient = "1";
      meshCulling = "0";
      originSort = "0";
      useInstanceRenderData = "0";
      instanceColor = "White";
      instanceColor1 = "White";
      instanceColor2 = "White";
      collisionType = "Collision Mesh";
      decalType = "Collision Mesh";
      prebuildCollisionData = "0";
      renderNormals = "0";
      forceDetail = "-1";
      position = "33.9860191 15.4033813 29.0736008";
      scale = "1 1 1";
      rotationMatrix = "0.934683025 0.355480522 -0.00113892555 -0.355479836 0.934683621 0.000762042589 0.00133542635 -0.000307403214 0.999999046";
      isRenderEnabled = "false";
      mode = "Ignore";
      order_simset = "0";
      canSave = "1";
      canSaveDynamicFields = "1";
   };
   new TSStatic() {
      shapeName = "levels/hirochi_raceway/art/shapes/objects/gazebo_white.dae";
      dynamic = "0";
      playAmbient = "1";
      meshCulling = "0";
      originSort = "0";
      useInstanceRenderData = "0";
      instanceColor = "White";
      instanceColor1 = "White";
      instanceColor2 = "White";
      collisionType = "Collision Mesh";
      decalType = "Collision Mesh";
      prebuildCollisionData = "0";
      renderNormals = "0";
      forceDetail = "-1";
      position = "47.8041725 22.0041256 28.4954453";
      scale = "0.5 0.50000006 0.5";
      rotationMatrix = "0.337804139 -0.940413952 0.0388586372 0.941167474 0.337919682 -0.00375424512 -0.00960055366 0.0378406867 0.999237657";
      isRenderEnabled = "false";
      mode = "Ignore";
      order_simset = "0";
      canSave = "1";
      canSaveDynamicFields = "1";
   };
   new TSStatic() {
      shapeName = "levels/hirochi_raceway/art/shapes/objects/gazebo_white.dae";
      dynamic = "0";
      playAmbient = "1";
      meshCulling = "0";
      originSort = "0";
      useInstanceRenderData = "0";
      instanceColor = "White";
      instanceColor1 = "White";
      instanceColor2 = "White";
      collisionType = "Collision Mesh";
      decalType = "Collision Mesh";
      prebuildCollisionData = "0";
      renderNormals = "0";
      forceDetail = "-1";
      position = "27.3691044 -4.52895021 29.0212746";
      scale = "0.5 0.50000006 0.5";
      rotationMatrix = "0.923151851 -0.382466614 0.0388586372 0.38288787 0.923787177 -0.00375424745 -0.0344612375 0.0183442421 0.999237657";
      isRenderEnabled = "false";
      mode = "Ignore";
      order_simset = "0";
      canSave = "1";
      canSaveDynamicFields = "1";
   };
   new TSStatic() {
      shapeName = "levels/hirochi_raceway/art/shapes/objects/gazebo_white.dae";
      dynamic = "0";
      playAmbient = "1";
      meshCulling = "0";
      originSort = "0";
      useInstanceRenderData = "0";
      instanceColor = "White";
      instanceColor1 = "White";
      instanceColor2 = "White";
      collisionType = "Collision Mesh";
      decalType = "Collision Mesh";
      prebuildCollisionData = "0";
      renderNormals = "0";
      forceDetail = "-1";
      position = "117.060143 -111.940277 27.9548836";
      scale = "0.5 0.50000006 0.5";
      rotationMatrix = "0.996648192 -0.0719885826 0.0388586447 0.0721881017 0.997383952 -0.00375424605 -0.0384867266 0.00654679444 0.999237657";
      isRenderEnabled = "false";
      mode = "Ignore";
      order_simset = "0";
      canSave = "1";
      canSaveDynamicFields = "1";
   };
   new TSStatic() {
      shapeName = "levels/hirochi_raceway/art/shapes/objects/gazebo_white.dae";
      dynamic = "0";
      playAmbient = "1";
      meshCulling = "0";
      originSort = "0";
      useInstanceRenderData = "0";
      instanceColor = "White";
      instanceColor1 = "White";
      instanceColor2 = "White";
      collisionType = "Collision Mesh";
      decalType = "Collision Mesh";
      prebuildCollisionData = "0";
      renderNormals = "0";
      forceDetail = "-1";
      position = "116.798088 -115.448151 27.9548836";
      scale = "0.5 0.50000006 0.5";
      rotationMatrix = "0.997930229 -0.0512371771 0.0388586484 0.051421348 0.998669982 -0.00375424651 -0.0386146083 0.00574464025 0.999237657";
      isRenderEnabled = "false";
      mode = "Ignore";
      order_simset = "0";
      canSave = "1";
      canSaveDynamicFields = "1";
   };
   new TSStatic() {
      shapeName = "levels/hirochi_raceway/art/shapes/objects/gazebo_white.dae";
      dynamic = "0";
      playAmbient = "1";
      meshCulling = "0";
      originSort = "0";
      useInstanceRenderData = "0";
      instanceColor = "White";
      instanceColor1 = "White";
      instanceColor2 = "White";
      collisionType = "Collision Mesh";
      decalType = "Collision Mesh";
      prebuildCollisionData = "0";
      renderNormals = "0";
      forceDetail = "-1";
      position = "-408.123657 369.541473 28.4477959";
      scale = "0.75 0.75 0.75";
      rotationMatrix = "0.529060483 -0.84843725 0.0157874804 0.848409832 0.52923733 0.0104217725 -0.0171975438 0.00788050517 0.999821067";
      isRenderEnabled = "false";
      mode = "Ignore";
      order_simset = "0";
      canSave = "1";
      canSaveDynamicFields = "1";
   };
   new TSStatic() {
      shapeName = "levels/hirochi_raceway/art/shapes/objects/gazebo_white.dae";
      dynamic = "0";
      playAmbient = "1";
      meshCulling = "0";
      originSort = "0";
      useInstanceRenderData = "0";
      instanceColor = "White";
      instanceColor1 = "White";
      instanceColor2 = "White";
      collisionType = "Collision Mesh";
      decalType = "Collision Mesh";
      prebuildCollisionData = "0";
      renderNormals = "0";
      forceDetail = "-1";
      position = "-319.803436 244.995178 27.8288708";
      scale = "0.75 0.75 0.75";
      rotationMatrix = "0.529060483 -0.84843725 0.0157874804 0.848409832 0.52923733 0.0104217725 -0.0171975438 0.00788050517 0.999821067";
      isRenderEnabled = "false";
      mode = "Ignore";
      order_simset = "-2139083732";
      canSave = "1";
      canSaveDynamicFields = "1";
   };
   new TSStatic() {
      shapeName = "levels/hirochi_raceway/art/shapes/objects/gazebo_white.dae";
      dynamic = "0";
      playAmbient = "1";
      meshCulling = "0";
      originSort = "0";
      useInstanceRenderData = "0";
      instanceColor = "White";
      instanceColor1 = "White";
      instanceColor2 = "White";
      collisionType = "Collision Mesh";
      decalType = "Collision Mesh";
      prebuildCollisionData = "0";
      renderNormals = "0";
      forceDetail = "-1";
      position = "167.342148 -472.422699 45.3778572";
      scale = "0.5 0.50000006 0.5";
      rotationMatrix = "0.753965378 0.655763865 0.0388586409 -0.656144738 0.754625738 -0.0037542358 -0.0317856222 -0.0226663277 0.999237657";
      isRenderEnabled = "false";
      mode = "Ignore";
      order_simset = "0";
      canSave = "1";
      canSaveDynamicFields = "1";
   };
   new TSStatic() {
      shapeName = "levels/hirochi_raceway/art/shapes/objects/gazebo_white.dae";
      dynamic = "0";
      playAmbient = "1";
      meshCulling = "0";
      originSort = "0";
      useInstanceRenderData = "0";
      instanceColor = "White";
      instanceColor1 = "White";
      instanceColor2 = "White";
      collisionType = "Collision Mesh";
      decalType = "Collision Mesh";
      prebuildCollisionData = "0";
      renderNormals = "0";
      forceDetail = "-1";
      position = "80.5268555 -395.16272 41.0116577";
      scale = "1 1 1";
      rotationMatrix = "0.833354771 -0.552737296 -0.00113892555 0.552738249 0.833354592 0.000762043404 0.000527918979 -0.00126458018 0.999999046";
      isRenderEnabled = "false";
      mode = "Ignore";
      order_simset = "1919904879";
      canSave = "1";
      canSaveDynamicFields = "1";
   };
   new TSStatic() {
      shapeName = "levels/hirochi_raceway/art/shapes/objects/gazebo_white.dae";
      dynamic = "0";
      playAmbient = "1";
      meshCulling = "0";
      originSort = "0";
      useInstanceRenderData = "0";
      instanceColor = "White";
      instanceColor1 = "White";
      instanceColor2 = "White";
      collisionType = "Collision Mesh";
      decalType = "Collision Mesh";
      prebuildCollisionData = "0";
      renderNormals = "0";
      forceDetail = "-1";
      position = "360.810974 -446.43338 49.7735062";
      scale = "0.5 0.50000006 0.5";
      rotationMatrix = "-0.946162403 0.321351409 0.0388586484 -0.321730286 -0.946823895 -0.0037542521 0.0355858654 -0.0160541367 0.999237657";
      isRenderEnabled = "false";
      mode = "Ignore";
      order_simset = "-2147335168";
      canSave = "1";
      canSaveDynamicFields = "1";
   };
   new TSStatic() {
      shapeName = "levels/hirochi_raceway/art/shapes/objects/gazebo_white.dae";
      dynamic = "0";
      playAmbient = "1";
      meshCulling = "0";
      originSort = "0";
      useInstanceRenderData = "0";
      instanceColor = "White";
      instanceColor1 = "White";
      instanceColor2 = "White";
      collisionType = "Collision Mesh";
      decalType = "Collision Mesh";
      prebuildCollisionData = "0";
      renderNormals = "0";
      forceDetail = "-1";
      position = "359.602081 -449.736786 49.7612572";
      scale = "0.5 0.50000006 0.5";
      rotationMatrix = "-0.939271688 0.340967268 0.0388586447 -0.341359794 -0.939925194 -0.0037542521 0.0352441445 -0.0167910419 0.999237657";
      isRenderEnabled = "false";
      mode = "Ignore";
      order_simset = "707406378";
      canSave = "1";
      canSaveDynamicFields = "1";
   };
   new TSStatic() {
      shapeName = "levels/hirochi_raceway/art/shapes/objects/gazebo_white.dae";
      dynamic = "0";
      playAmbient = "1";
      meshCulling = "0";
      originSort = "0";
      useInstanceRenderData = "0";
      instanceColor = "White";
      instanceColor1 = "White";
      instanceColor2 = "White";
      collisionType = "Collision Mesh";
      decalType = "Collision Mesh";
      prebuildCollisionData = "0";
      renderNormals = "0";
      forceDetail = "-1";
      position = "-55.7530212 -156.714279 31.2372894";
      scale = "0.5 0.50000006 0.5";
      rotationMatrix = "-0.950951397 -0.306889951 0.0388586298 0.306980819 -0.951708317 -0.00375424931 0.038134221 0.00835874584 0.999237657";
      isRenderEnabled = "false";
      mode = "Ignore";
      order_simset = "0";
      canSave = "1";
      canSaveDynamicFields = "1";
   };
};
//--- OBJECT WRITE END ---










