//--- OBJECT WRITE BEGIN ---
$ThisPrefab = new SimGroup() {
   order_simset = "0";
   canSave = "1";
   canSaveDynamicFields = "1";
      groupPosition = "0 0 0";

   new TSStatic() {
      shapeName = "levels/hirochi_raceway/art/shapes/objects/gazebo_blue.dae";
      dynamic = "0";
      playAmbient = "1";
      meshCulling = "0";
      originSort = "0";
      useInstanceRenderData = "0";
      instanceColor = "White";
      instanceColor1 = "White";
      instanceColor2 = "White";
      collisionType = "Collision Mesh";
      decalType = "Collision Mesh";
      prebuildCollisionData = "0";
      renderNormals = "0";
      forceDetail = "-1";
      position = "-436.03952 509.487427 39.3301239";
      scale = "0.5 0.50000006 0.5";
      rotationMatrix = "0.88310498 -0.46756351 0.0388586223 0.468042642 0.883697927 -0.00375423534 -0.0325839408 0.0215028767 0.999237657";
      isRenderEnabled = "false";
      mode = "Ignore";
      order_simset = "0";
      canSave = "1";
      canSaveDynamicFields = "1";
   };
   new TSStatic() {
      shapeName = "levels/hirochi_raceway/art/shapes/objects/gazebo_blue.dae";
      dynamic = "0";
      playAmbient = "1";
      meshCulling = "0";
      originSort = "0";
      useInstanceRenderData = "0";
      instanceColor = "White";
      instanceColor1 = "White";
      instanceColor2 = "White";
      collisionType = "Collision Mesh";
      decalType = "Collision Mesh";
      prebuildCollisionData = "0";
      renderNormals = "0";
      forceDetail = "-1";
      position = "-522.531982 391.488525 28.3408222";
      scale = "0.75000006 0.750000179 0.75";
      rotationMatrix = "0.857515216 0.512988985 0.0388586037 -0.513247788 0.85823226 -0.00375423627 -0.0352755897 -0.0167247783 0.999237657";
      isRenderEnabled = "false";
      mode = "Ignore";
      order_simset = "0";
      canSave = "1";
      canSaveDynamicFields = "1";
   };
   new TSStatic() {
      shapeName = "levels/hirochi_raceway/art/shapes/objects/gazebo_blue.dae";
      dynamic = "0";
      playAmbient = "1";
      meshCulling = "0";
      originSort = "0";
      useInstanceRenderData = "0";
      instanceColor = "White";
      instanceColor1 = "White";
      instanceColor2 = "White";
      collisionType = "Collision Mesh";
      decalType = "Collision Mesh";
      prebuildCollisionData = "0";
      renderNormals = "0";
      forceDetail = "-1";
      position = "-520.035706 387.444092 28.3408222";
      scale = "0.75000006 0.750000179 0.75";
      rotationMatrix = "0.846281767 0.5313164 0.0388586037 -0.531590641 0.846993089 -0.0037542372 -0.0349076577 -0.017479727 0.999237657";
      isRenderEnabled = "false";
      mode = "Ignore";
      order_simset = "0";
      canSave = "1";
      canSaveDynamicFields = "1";
   };
   new TSStatic() {
      shapeName = "levels/hirochi_raceway/art/shapes/objects/gazebo_blue.dae";
      dynamic = "0";
      playAmbient = "1";
      meshCulling = "0";
      originSort = "0";
      useInstanceRenderData = "0";
      instanceColor = "White";
      instanceColor1 = "White";
      instanceColor2 = "White";
      collisionType = "Collision Mesh";
      decalType = "Collision Mesh";
      prebuildCollisionData = "0";
      renderNormals = "0";
      forceDetail = "-1";
      position = "200.926315 200.437256 32.2207031";
      scale = "0.75 0.75 0.75";
      rotationMatrix = "0.697558522 -0.716353834 0.0157874674 0.716289401 0.697725475 0.0104217688 -0.0184809919 0.00403860211 0.999821067";
      isRenderEnabled = "false";
      mode = "Ignore";
      order_simset = "1919904879";
      canSave = "1";
      canSaveDynamicFields = "1";
   };
   new TSStatic() {
      shapeName = "levels/hirochi_raceway/art/shapes/objects/gazebo_blue.dae";
      dynamic = "0";
      playAmbient = "1";
      meshCulling = "0";
      originSort = "0";
      useInstanceRenderData = "0";
      instanceColor = "White";
      instanceColor1 = "White";
      instanceColor2 = "White";
      collisionType = "Collision Mesh";
      decalType = "Collision Mesh";
      prebuildCollisionData = "0";
      renderNormals = "0";
      forceDetail = "-1";
      position = "28.2563076 14.0485401 28.9498405";
      scale = "0.75 0.75 0.75";
      rotationMatrix = "0.937136889 0.348604679 0.0157874748 -0.348783404 0.937145412 0.0104217697 -0.0111620817 -0.0152730336 0.999821067";
      isRenderEnabled = "false";
      mode = "Ignore";
      order_simset = "0";
      canSave = "1";
      canSaveDynamicFields = "1";
   };
   new TSStatic() {
      shapeName = "levels/hirochi_raceway/art/shapes/objects/gazebo_blue.dae";
      dynamic = "0";
      playAmbient = "1";
      meshCulling = "0";
      originSort = "0";
      useInstanceRenderData = "0";
      instanceColor = "White";
      instanceColor1 = "White";
      instanceColor2 = "White";
      collisionType = "Collision Mesh";
      decalType = "Collision Mesh";
      prebuildCollisionData = "0";
      renderNormals = "0";
      forceDetail = "-1";
      position = "13.2470894 -234.490555 33.9728088";
      scale = "0.75 0.75 0.75";
      rotationMatrix = "0.139105946 -0.990151644 0.0157874785 0.990198374 0.13927868 0.0104217716 -0.0125179933 0.0141830053 0.999821067";
      isRenderEnabled = "false";
      mode = "Ignore";
      order_simset = "0";
      canSave = "1";
      canSaveDynamicFields = "1";
   };
};
//--- OBJECT WRITE END ---
