//--- OBJECT WRITE BEGIN ---
$ThisPrefab = new SimGroup() {
   order_simset = "0";
   canSave = "1";
   canSaveDynamicFields = "1";
      groupPosition = "0 0 0";

   new TSStatic() {
      shapeName = "levels/hirochi_raceway/art/shapes/objects/gazebo_black.dae";
      dynamic = "0";
      playAmbient = "1";
      meshCulling = "0";
      originSort = "0";
      useInstanceRenderData = "0";
      instanceColor = "White";
      instanceColor1 = "White";
      instanceColor2 = "White";
      collisionType = "Collision Mesh";
      decalType = "Collision Mesh";
      prebuildCollisionData = "0";
      renderNormals = "0";
      forceDetail = "-1";
      position = "-395.783234 475.209076 37.8864784";
      scale = "0.5 0.50000006 0.5";
      rotationMatrix = "0.69449234 -0.71844995 0.0388586223 0.719089389 0.694907427 -0.00375423767 -0.0243059136 0.0305501129 0.999237657";
      isRenderEnabled = "false";
      mode = "Ignore";
      order_simset = "0";
      canSave = "1";
      canSaveDynamicFields = "1";
   };
   new TSStatic() {
      shapeName = "levels/hirochi_raceway/art/shapes/objects/gazebo_black.dae";
      dynamic = "0";
      playAmbient = "1";
      meshCulling = "0";
      originSort = "0";
      useInstanceRenderData = "0";
      instanceColor = "White";
      instanceColor1 = "White";
      instanceColor2 = "White";
      collisionType = "Collision Mesh";
      decalType = "Collision Mesh";
      prebuildCollisionData = "0";
      renderNormals = "0";
      forceDetail = "-1";
      position = "173.50145 -155.022949 27.9898148";
      scale = "0.5 0.50000006 0.5";
      rotationMatrix = "0.69449234 -0.71844995 0.0388586447 0.719089389 0.694907427 -0.00375424232 -0.0243059248 0.0305501334 0.999237657";
      isRenderEnabled = "false";
      mode = "Ignore";
      order_simset = "707406378";
      canSave = "1";
      canSaveDynamicFields = "1";
   };
   new TSStatic() {
      shapeName = "levels/hirochi_raceway/art/shapes/objects/gazebo_black.dae";
      dynamic = "0";
      playAmbient = "1";
      meshCulling = "0";
      originSort = "0";
      useInstanceRenderData = "0";
      instanceColor = "White";
      instanceColor1 = "White";
      instanceColor2 = "White";
      collisionType = "Collision Mesh";
      decalType = "Collision Mesh";
      prebuildCollisionData = "0";
      renderNormals = "0";
      forceDetail = "-1";
      position = "67.7824554 -182.812881 28.0072956";
      scale = "0.75 0.75 0.75";
      rotationMatrix = "0.697093606 -0.716806293 0.0157874804 0.716741979 0.697260559 0.0104217697 -0.0184783768 0.00405060127 0.999821067";
      isRenderEnabled = "false";
      mode = "Ignore";
      order_simset = "707406378";
      canSave = "1";
      canSaveDynamicFields = "1";
   };
   new TSStatic() {
      shapeName = "levels/hirochi_raceway/art/shapes/objects/gazebo_black.dae";
      dynamic = "0";
      playAmbient = "1";
      meshCulling = "0";
      originSort = "0";
      useInstanceRenderData = "0";
      instanceColor = "White";
      instanceColor1 = "White";
      instanceColor2 = "White";
      collisionType = "Collision Mesh";
      decalType = "Collision Mesh";
      prebuildCollisionData = "0";
      renderNormals = "0";
      forceDetail = "-1";
      position = "-367.403839 228.619034 27.7952633";
      scale = "0.75 0.75 0.75";
      rotationMatrix = "0.36409682 -0.931227267 0.0157874823 0.93123287 0.364275694 0.0104217827 -0.0154560441 0.010907284 0.999821067";
      isRenderEnabled = "false";
      mode = "Ignore";
      order_simset = "707406378";
      canSave = "1";
      canSaveDynamicFields = "1";
   };
   new TSStatic() {
      shapeName = "levels/hirochi_raceway/art/shapes/objects/gazebo_black.dae";
      dynamic = "0";
      playAmbient = "1";
      meshCulling = "0";
      originSort = "0";
      useInstanceRenderData = "0";
      instanceColor = "White";
      instanceColor1 = "White";
      instanceColor2 = "White";
      collisionType = "Collision Mesh";
      decalType = "Collision Mesh";
      prebuildCollisionData = "0";
      renderNormals = "0";
      forceDetail = "-1";
      position = "233.865509 -515.772583 48.7608261";
      scale = "0.5 0.50000006 0.5";
      rotationMatrix = "0.929949701 -0.365627617 0.0388586447 0.366037279 0.930592597 -0.00375424605 -0.0347889103 0.0177149717 0.999237657";
      isRenderEnabled = "false";
      mode = "Ignore";
      order_simset = "0";
      canSave = "1";
      canSaveDynamicFields = "1";
   };
};
//--- OBJECT WRITE END ---


