//--- OBJECT WRITE BEGIN ---
$ThisPrefab = new SimGroup() {
   canSave = "1";
   canSaveDynamicFields = "1";
      groupPosition = "0.000000 0.220752 0.262901";

   new TSStatic() {
      shapeName = "/levels/hirochi_raceway/art/shapes/buildings/hr_tiretrolley.DAE";
      dynamic = "0";
      playAmbient = "1";
      meshCulling = "0";
      originSort = "0";
      useInstanceRenderData = "0";
      instanceColor = "White";
      collisionType = "Collision Mesh";
      decalType = "Collision Mesh";
      prebuildCollisionData = "0";
      renderNormals = "0";
      forceDetail = "-1";
      position = "0 -0.220751837 -0.262901247";
      scale = "1 1 1";
      rotationMatrix = "1 0 0 0 1 0 0 0 1";
      isRenderEnabled = "false";
      mode = "Ignore";
      canSave = "1";
      canSaveDynamicFields = "1";
   };
   new TSStatic() {
      shapeName = "/levels/hirochi_raceway/art/shapes/buildings/hr_tire.DAE";
      dynamic = "0";
      playAmbient = "1";
      meshCulling = "0";
      originSort = "0";
      useInstanceRenderData = "0";
      instanceColor = "White";
      collisionType = "Collision Mesh";
      decalType = "Collision Mesh";
      prebuildCollisionData = "0";
      renderNormals = "0";
      forceDetail = "-1";
      position = "0 -0.335367948 0.0657252371";
      scale = "1 1 1";
      rotationMatrix = "1 0 0 0 -1.04308128e-07 0.999999583 0 -0.999999583 -1.04308128e-07";
      isRenderEnabled = "false";
      mode = "Ignore";
      canSave = "1";
      canSaveDynamicFields = "1";
   };
   new TSStatic() {
      shapeName = "/levels/hirochi_raceway/art/shapes/buildings/hr_tire.DAE";
      dynamic = "0";
      playAmbient = "1";
      meshCulling = "0";
      originSort = "0";
      useInstanceRenderData = "0";
      instanceColor = "White";
      collisionType = "Collision Mesh";
      decalType = "Collision Mesh";
      prebuildCollisionData = "0";
      renderNormals = "0";
      forceDetail = "-1";
      position = "0 -0.0705032945 0.0657252669";
      scale = "1 1 1";
      rotationMatrix = "0.871792972 -5.10978779e-08 0.489874154 -0.489874303 -9.09350746e-08 0.871792555 0 -0.999999583 -1.04308128e-07";
      isRenderEnabled = "false";
      mode = "Ignore";
      canSave = "1";
      canSaveDynamicFields = "1";
   };
   new TSStatic() {
      shapeName = "/levels/hirochi_raceway/art/shapes/buildings/hr_tire.DAE";
      dynamic = "0";
      playAmbient = "1";
      meshCulling = "0";
      originSort = "0";
      useInstanceRenderData = "0";
      instanceColor = "White";
      collisionType = "Collision Mesh";
      decalType = "Collision Mesh";
      prebuildCollisionData = "0";
      renderNormals = "0";
      forceDetail = "-1";
      position = "0 0.185881719 0.0657252967";
      scale = "1 1 1";
      rotationMatrix = "0.871792972 -5.10978779e-08 0.489874154 -0.489874303 -9.09350746e-08 0.871792555 0 -0.999999583 -1.04308128e-07";
      isRenderEnabled = "false";
      mode = "Ignore";
      canSave = "1";
      canSaveDynamicFields = "1";
   };
   new TSStatic() {
      shapeName = "/levels/hirochi_raceway/art/shapes/buildings/hr_tire.DAE";
      dynamic = "0";
      playAmbient = "1";
      meshCulling = "0";
      originSort = "0";
      useInstanceRenderData = "0";
      instanceColor = "White";
      collisionType = "Collision Mesh";
      decalType = "Collision Mesh";
      prebuildCollisionData = "0";
      renderNormals = "0";
      forceDetail = "-1";
      position = "0 0.44074142 0.0657253265";
      scale = "1 1 1";
      rotationMatrix = "0.734419823 7.07933978e-08 -0.678694785 0.678695142 -7.660595e-08 0.734419584 0 -0.999999583 -1.04308128e-07";
      isRenderEnabled = "false";
      mode = "Ignore";
      canSave = "1";
      canSaveDynamicFields = "1";
   };
};
//--- OBJECT WRITE END ---
