//--- OBJECT WRITE BEGIN ---
$ThisPrefab = new SimGroup() {
   canSave = "1";
   canSaveDynamicFields = "1";
      groupPosition = "0.000000 0.000000 0.000000";

   new BeamNGVehicle(cone1) {
      JBeam = "cones";
      color = "White";
      colorPalette0 = "White";
      colorPalette1 = "White";
      renderDistance = "500";
      renderFade = "0.100000001";
      datablock = "default_vehicle";
      position = "-161.420319 346.96286 28.2156601";
      scale = "1 1 1";
      rotationMatrix = "0.475912482 0.879493117 -9.09494702e-13 -0.879492998 0.475912124 -0.000690533663 -0.000607319351 0.000328632945 0.999999762";
      annotation = "CAR";
      mode = "Ignore";
      canSave = "1";
      canSaveDynamicFields = "1";
   };
   new BeamNGVehicle(cone2) {
      JBeam = "cones";
      color = "White";
      colorPalette0 = "White";
      colorPalette1 = "White";
      renderDistance = "500";
      renderFade = "0.100000001";
      datablock = "default_vehicle";
      position = "-168.761795 350.889526 27.9230499";
      scale = "1 1 1";
      rotationMatrix = "0.475912482 0.879493117 -9.09494702e-13 -0.879492998 0.475912124 -0.000690533663 -0.000607319351 0.000328632945 0.999999762";
      annotation = "CAR";
      mode = "Ignore";
      canSave = "1";
      canSaveDynamicFields = "1";
   };
   new BeamNGVehicle(cone3) {
      JBeam = "cones";
      color = "White";
      colorPalette0 = "White";
      colorPalette1 = "White";
      renderDistance = "500";
      renderFade = "0.100000001";
      datablock = "default_vehicle";
      position = "-176.011887 354.547943 27.709137";
      scale = "1 1 1";
      rotationMatrix = "0.475912482 0.879493117 -9.09494702e-13 -0.879492998 0.475912124 -0.000690533663 -0.000607319351 0.000328632945 0.999999762";
      annotation = "CAR";
      mode = "Ignore";
      canSave = "1";
      canSaveDynamicFields = "1";
   };
   new BeamNGVehicle(cone4) {
      JBeam = "cones";
      color = "White";
      colorPalette0 = "White";
      colorPalette1 = "White";
      renderDistance = "500";
      renderFade = "0.100000001";
      datablock = "default_vehicle";
      position = "-183.39505 358.070221 27.5462818";
      scale = "1 1 1";
      rotationMatrix = "0.475912482 0.879493117 -9.09494702e-13 -0.879492998 0.475912124 -0.000690533663 -0.000607319351 0.000328632945 0.999999762";
      annotation = "CAR";
      mode = "Ignore";
      canSave = "1";
      canSaveDynamicFields = "1";
   };
   new BeamNGVehicle(cone5) {
      JBeam = "cones";
      color = "White";
      colorPalette0 = "White";
      colorPalette1 = "White";
      renderDistance = "500";
      renderFade = "0.100000001";
      datablock = "default_vehicle";
      position = "-190.763626 361.715393 27.4782867";
      scale = "1 1 1";
      rotationMatrix = "0.475912482 0.879493117 -9.09494702e-13 -0.879492998 0.475912124 -0.000690533663 -0.000607319351 0.000328632945 0.999999762";
      annotation = "CAR";
      mode = "Ignore";
      canSave = "1";
      canSaveDynamicFields = "1";
   };
   new BeamNGVehicle(cone6) {
      JBeam = "cones";
      color = "White";
      colorPalette0 = "White";
      colorPalette1 = "White";
      renderDistance = "500";
      renderFade = "0.100000001";
      datablock = "default_vehicle";
      position = "-198.036011 365.391083 27.5342903";
      scale = "1 1 1";
      rotationMatrix = "0.475912482 0.879493117 -9.09494702e-13 -0.879492998 0.475912124 -0.000690533663 -0.000607319351 0.000328632945 0.999999762";
      annotation = "CAR";
      mode = "Ignore";
      canSave = "1";
      canSaveDynamicFields = "1";
   };
   new BeamNGVehicle(cone7) {
      JBeam = "cones";
      color = "White";
      colorPalette0 = "White";
      colorPalette1 = "White";
      renderDistance = "500";
      renderFade = "0.100000001";
      datablock = "default_vehicle";
      position = "-68.411377 224.331314 24.9178944";
      scale = "1 1 1";
      rotationMatrix = "-0.55760324 0.830108047 -9.73159331e-11 -0.830108106 -0.5576033 -0.000690532732 -0.000573216064 -0.000385043822 0.999999762";
      annotation = "CAR";
      mode = "Ignore";
      canSave = "1";
      canSaveDynamicFields = "1";
   };
   new BeamNGVehicle(cone8) {
      JBeam = "cones";
      color = "White";
      colorPalette0 = "White";
      colorPalette1 = "White";
      renderDistance = "500";
      renderFade = "0.100000001";
      datablock = "default_vehicle";
      position = "-44.0838127 228.03476 24.9374485";
      scale = "1 1 1";
      rotationMatrix = "0.255142659 0.966903985 2.00088834e-11 -0.966903985 0.255142272 -0.000690532441 -0.000667677959 0.000176183559 0.999999762";
      annotation = "CAR";
      mode = "Ignore";
      canSave = "1";
      canSaveDynamicFields = "1";
   };
   new BeamNGVehicle(cone9) {
      JBeam = "cones";
      color = "White";
      colorPalette0 = "White";
      colorPalette1 = "White";
      renderDistance = "500";
      renderFade = "0.100000001";
      datablock = "default_vehicle";
      position = "-56.8543129 228.979599 25.0013866";
      scale = "1 1 1";
      rotationMatrix = "-0.143673569 0.989625871 -3.31567662e-10 -0.989625931 -0.143673822 -0.000690532732 -0.000683367893 -9.92117348e-05 0.999999762";
      annotation = "CAR";
      mode = "Ignore";
      canSave = "1";
      canSaveDynamicFields = "1";
   };
   new BeamNGVehicle(cone10) {
      JBeam = "cones";
      color = "White";
      colorPalette0 = "White";
      colorPalette1 = "White";
      renderDistance = "500";
      renderFade = "0.100000001";
      datablock = "default_vehicle";
      position = "-33.2463341 225.395569 24.9554138";
      scale = "1 1 1";
      rotationMatrix = "0.179585561 0.983743787 -9.4587449e-11 -0.983743608 0.179585159 -0.000690532848 -0.000679305289 0.000124008948 0.999999762";
      annotation = "CAR";
      mode = "Ignore";
      canSave = "1";
      canSaveDynamicFields = "1";
   };
   new BeamNGVehicle(cone11) {
      JBeam = "cones";
      color = "White";
      colorPalette0 = "White";
      colorPalette1 = "White";
      renderDistance = "500";
      renderFade = "0.100000001";
      datablock = "default_vehicle";
      position = "-77.142395 217.923477 24.8545761";
      scale = "1 1 1";
      rotationMatrix = "-0.710779309 0.703417003 -1.69438863e-09 -0.703417063 -0.710779488 -0.000690532499 -0.000485731143 -0.000490815612 0.999999762";
      annotation = "CAR";
      mode = "Ignore";
      canSave = "1";
      canSaveDynamicFields = "1";
   };
   new BeamNGVehicle(cone12) {
      JBeam = "cones";
      color = "White";
      colorPalette0 = "White";
      colorPalette1 = "White";
      renderDistance = "500";
      renderFade = "0.100000001";
      datablock = "default_vehicle";
      position = "-502.472504 392.495819 25.1001339";
      scale = "1 1 1";
      rotationMatrix = "-0.501019418 0.865437984 -1.49714197e-09 -0.865437746 -0.501019537 -0.000690532499 -0.000597611594 -0.00034596934 0.999999762";
      annotation = "CAR";
      mode = "Ignore";
      canSave = "1";
      canSaveDynamicFields = "1";
   };
   new BeamNGVehicle(cone13) {
      JBeam = "cones";
      color = "White";
      colorPalette0 = "White";
      colorPalette1 = "White";
      renderDistance = "500";
      renderFade = "0.100000001";
      datablock = "default_vehicle";
      position = "-506.917389 404.806946 25.3744488";
      scale = "1 1 1";
      rotationMatrix = "-0.326957345 0.945040703 -1.10230758e-09 -0.945040464 -0.326957405 -0.000690532441 -0.000652579882 -0.000225774071 0.999999762";
      annotation = "CAR";
      mode = "Ignore";
      canSave = "1";
      canSaveDynamicFields = "1";
   };
   new BeamNGVehicle(cone14) {
      JBeam = "cones";
      color = "White";
      colorPalette0 = "White";
      colorPalette1 = "White";
      renderDistance = "500";
      renderFade = "0.100000001";
      datablock = "default_vehicle";
      position = "-494.805267 377.747803 25.01548";
      scale = "1 1 1";
      rotationMatrix = "-0.522606134 0.852575958 -1.53249857e-09 -0.852575719 -0.522606254 -0.000690532324 -0.000588730152 -0.000360875478 0.999999762";
      annotation = "CAR";
      mode = "Ignore";
      canSave = "1";
      canSaveDynamicFields = "1";
   };
   new BeamNGWaypoint(Checkpoint_20) {
      drawDebug = "0";
      directionalWaypoint = "0";
      position = "-473.653992 366.453003 25";
      scale = "6.5999999 6.5999999 6.5999999";
      rotationMatrix = "1 0 0 0 1 0 0 0 1";
      mode = "Ignore";
      canSave = "1";
      canSaveDynamicFields = "1";
   };
   new BeamNGWaypoint(Checkpoint_19) {
      drawDebug = "0";
      directionalWaypoint = "0";
      position = "-426.518005 480.480011 34.2725983";
      scale = "12.4296999 12.4296999 12.4296999";
      rotationMatrix = "1 0 0 0 1 0 0 0 1";
      mode = "Ignore";
      canSave = "1";
      canSaveDynamicFields = "1";
   };
   new BeamNGWaypoint(Checkpoint_18) {
      drawDebug = "0";
      directionalWaypoint = "0";
      position = "-388.248993 438.570007 32.096199";
      scale = "9.98908043 9.98908043 9.98908043";
      rotationMatrix = "1 0 0 0 1 0 0 0 1";
      mode = "Ignore";
      canSave = "1";
      canSaveDynamicFields = "1";
   };
   new BeamNGWaypoint(Checkpoint_17) {
      drawDebug = "0";
      directionalWaypoint = "0";
      position = "-328.609009 425.63501 30.5638008";
      scale = "12.4048996 12.4048996 12.4048996";
      rotationMatrix = "1 0 0 0 1 0 0 0 1";
      mode = "Ignore";
      canSave = "1";
      canSaveDynamicFields = "1";
   };
   new BeamNGWaypoint(Checkpoint_16) {
      drawDebug = "0";
      directionalWaypoint = "0";
      position = "-292.92099 380.962006 29.7070007";
      scale = "6.5999999 6.5999999 6.5999999";
      rotationMatrix = "1 0 0 0 1 0 0 0 1";
      mode = "Ignore";
      canSave = "1";
      canSaveDynamicFields = "1";
   };
   new BeamNGWaypoint(Checkpoint_15) {
      drawDebug = "0";
      directionalWaypoint = "0";
      position = "-243.367004 381.022003 28.7891006";
      scale = "6.5999999 6.5999999 6.5999999";
      rotationMatrix = "1 0 0 0 1 0 0 0 1";
      mode = "Ignore";
      canSave = "1";
      canSaveDynamicFields = "1";
   };
   new BeamNGWaypoint(Checkpoint_14) {
      drawDebug = "0";
      directionalWaypoint = "0";
      position = "-150.649002 330.368988 28.9218998";
      scale = "6.5999999 6.5999999 6.5999999";
      rotationMatrix = "1 0 0 0 1 0 0 0 1";
      mode = "Ignore";
      canSave = "1";
      canSaveDynamicFields = "1";
   };
   new BeamNGWaypoint(Checkpoint_13) {
      drawDebug = "0";
      directionalWaypoint = "0";
      position = "-141.964005 301.837006 30.1327991";
      scale = "6.5999999 6.5999999 6.5999999";
      rotationMatrix = "1 0 0 0 1 0 0 0 1";
      mode = "Ignore";
      canSave = "1";
      canSaveDynamicFields = "1";
   };
   new BeamNGWaypoint(Checkpoint_12) {
      drawDebug = "0";
      directionalWaypoint = "0";
      position = "-179.154999 183.158997 31.9922009";
      scale = "6.32499981 6.32499981 6.32499981";
      rotationMatrix = "1 0 0 0 1 0 0 0 1";
      mode = "Ignore";
      canSave = "1";
      canSaveDynamicFields = "1";
   };
   new BeamNGWaypoint(Checkpoint_11) {
      drawDebug = "0";
      directionalWaypoint = "0";
      position = "-220.268997 41.5663986 30.9608994";
      scale = "5.5 5.5 5.5";
      rotationMatrix = "1 0 0 0 1 0 0 0 1";
      mode = "Ignore";
      canSave = "1";
      canSaveDynamicFields = "1";
   };
   new BeamNGWaypoint(Checkpoint_10) {
      drawDebug = "0";
      directionalWaypoint = "0";
      position = "-176.875 13.5232 27.1093998";
      scale = "6.5999999 6.5999999 6.5999999";
      rotationMatrix = "1 0 0 0 1 0 0 0 1";
      mode = "Ignore";
      canSave = "1";
      canSaveDynamicFields = "1";
   };
   new BeamNGWaypoint(Checkpoint_9) {
      drawDebug = "0";
      directionalWaypoint = "0";
      position = "-129.505997 15.9876003 25.3437996";
      scale = "6.05000019 6.05000019 6.05000019";
      rotationMatrix = "1 0 0 0 1 0 0 0 1";
      mode = "Ignore";
      canSave = "1";
      canSaveDynamicFields = "1";
   };
   new BeamNGWaypoint(Checkpoint_8) {
      drawDebug = "0";
      directionalWaypoint = "0";
      position = "-102.972 10.3532 25.0468998";
      scale = "6.05000019 6.05000019 6.05000019";
      rotationMatrix = "1 0 0 0 1 0 0 0 1";
      mode = "Ignore";
      canSave = "1";
      canSaveDynamicFields = "1";
   };
   new BeamNGWaypoint(Checkpoint_7) {
      drawDebug = "0";
      directionalWaypoint = "0";
      position = "-26.7852001 29.9211006 25.5116997";
      scale = "5.5 5.5 5.5";
      rotationMatrix = "1 0 0 0 1 0 0 0 1";
      mode = "Ignore";
      canSave = "1";
      canSaveDynamicFields = "1";
   };
   new BeamNGWaypoint(Checkpoint_6) {
      drawDebug = "0";
      directionalWaypoint = "0";
      position = "-20.6133003 64.0849991 26.5391006";
      scale = "5.5 5.5 5.5";
      rotationMatrix = "1 0 0 0 1 0 0 0 1";
      mode = "Ignore";
      canSave = "1";
      canSaveDynamicFields = "1";
   };
   new BeamNGWaypoint(Checkpoint_5) {
      drawDebug = "0";
      directionalWaypoint = "0";
      position = "74.0800018 86.8202972 26.3477001";
      scale = "6.13250017 6.13250017 6.13250017";
      rotationMatrix = "1 0 0 0 1 0 0 0 1";
      mode = "Ignore";
      canSave = "1";
      canSaveDynamicFields = "1";
   };
   new BeamNGWaypoint(Checkpoint_4) {
      drawDebug = "0";
      directionalWaypoint = "0";
      position = "130.098007 196.746002 27.7656002";
      scale = "5.5 5.5 5.5";
      rotationMatrix = "1 0 0 0 1 0 0 0 1";
      mode = "Ignore";
      canSave = "1";
      canSaveDynamicFields = "1";
   };
   new BeamNGWaypoint(Checkpoint_3) {
      drawDebug = "0";
      directionalWaypoint = "0";
      position = "-25.0867004 229.947006 25.2968998";
      scale = "6.5999999 6.5999999 6.5999999";
      rotationMatrix = "1 0 0 0 1 0 0 0 1";
      mode = "Ignore";
      canSave = "1";
      canSaveDynamicFields = "1";
   };
   new BeamNGWaypoint(Checkpoint_2) {
      drawDebug = "0";
      directionalWaypoint = "0";
      position = "-66.1977997 234.492004 25.3633003";
      scale = "6.5999999 6.5999999 6.5999999";
      rotationMatrix = "1 0 0 0 1 0 0 0 1";
      mode = "Ignore";
      canSave = "1";
      canSaveDynamicFields = "1";
   };
   new BeamNGWaypoint(Checkpoint_1) {
      drawDebug = "0";
      directionalWaypoint = "0";
      position = "-386.972992 236.298996 24.9976006";
      scale = "10 10 10";
      rotationMatrix = "0.346853673 -0.937919259 0 0.937919259 0.346853673 0 0 0 1";
      mode = "Ignore";
      canSave = "1";
      canSaveDynamicFields = "1";
   };
   new Prefab() {
      FileName = "/levels/hirochi_raceway/art/prefabs/barriers_red_shortcircuit1.prefab";
      loadMode = "Automatic";
      useGlobalTranslation = "0";
      position = "0 0 0";
      scale = "1 1 1";
      rotationMatrix = "1 0 0 0 1 0 0 0 1";
      mode = "Ignore";
      canSave = "1";
      canSaveDynamicFields = "1";
   };
   new Prefab() {
      FileName = "/levels/hirochi_raceway/art/prefabs/barriers_white_shortcircuit1.prefab";
      loadMode = "Automatic";
      useGlobalTranslation = "0";
      position = "0 0 0";
      scale = "1 1 1";
      rotationMatrix = "1 0 0 0 1 0 0 0 1";
      mode = "Ignore";
      canSave = "1";
      canSaveDynamicFields = "1";
   };
   new SpawnSphere(shortcircuit1_rollingReverse_spawn) {
      autoSpawn = "0";
      spawnTransform = "0";
      radius = "100";
      datablock = "SpawnSphereMarker";
      position = "-93.6337967 207.772995 25.0998001";
      scale = "1 1 1";
      rotationMatrix = "0.880927861 -0.473250538 0 0.473250538 0.880927861 0 0 0 1";
      mode = "Ignore";
      canSave = "1";
      canSaveDynamicFields = "1";
         autoplaceOnSpawn = "0";
         cloneOrigin = "forgotten_raceway_rolling_spawn";
         Enabled = "1";
   };
   new SpawnSphere(shortcircuit1_rolling_spawn) {
      autoSpawn = "0";
      spawnTransform = "0";
      radius = "100";
      datablock = "SpawnSphereMarker";
      position = "-438.539001 481.489014 34.3917007";
      scale = "1 1 1";
      rotationMatrix = "0.0455024242 -0.99896425 0 0.99896425 0.0455024242 0 0 0 1";
      mode = "Ignore";
      canSave = "1";
      canSaveDynamicFields = "1";
         autoplaceOnSpawn = "0";
         cloneOrigin = "forgotten_raceway_standing_spawn";
         Enabled = "1";
   };
   new SpawnSphere(shortcircuit1_standingReverse_spawn) {
      autoSpawn = "0";
      spawnTransform = "0";
      radius = "100";
      datablock = "SpawnSphereMarker";
      position = "-400.986176 241.043274 25.2452011";
      scale = "1 1 1";
      rotationMatrix = "-0.840897501 -0.541194379 0 0.541194379 -0.840897501 0 0 0 1";
      mode = "Ignore";
      canSave = "1";
      canSaveDynamicFields = "1";
         autoplaceOnSpawn = "0";
         cloneOrigin = "forgotten_raceway_standing_spawn";
         Enabled = "1";
   };
   new SpawnSphere(shortcircuit1_standing_spawn) {
      autoSpawn = "0";
      spawnTransform = "0";
      radius = "100";
      datablock = "SpawnSphereMarker";
      position = "-405.340698 247.829376 25.2136993";
      scale = "1 1 1";
      rotationMatrix = "0.852367997 0.522942126 0 -0.522942126 0.852367997 0 0 0 1";
      mode = "Ignore";
      canSave = "1";
      canSaveDynamicFields = "1";
         autoplaceOnSpawn = "0";
         Enabled = "1";
   };
};
//--- OBJECT WRITE END ---


